A
1    hhanger          6      53(8)  185(2) 71(3)  106(2) 153(2) 80(1)  888
2    liehuochongsheng 5      131(5) 3      84(2)  52(2)  184(1) 16(1)  587
3    moondy           5      128(3) 0      32(1)  153(1) 214(1) 48(1)  615
4    happylinyue      4      87(3)  3      15(1)  39(2)  0      56(1)  257
5    Fire             4      56(2)  83(3)  0      114(1) 200(4) 0      573
6    asmn             4      144(4) 0      202(7) 173(1) 2      29(2)  748
7    chnfish          3      48(1)  0      151(2) 3      0      76(1)  295
8    liyuliang        3      0      0      150(1) 98(2)  11     44(1)  312
9    classT           3      140(3) 0      33(1)  0      0      88(2)  321
10   owen200104       3      47(2)  0      184(4) 0      2      73(2)  404
11   chnlkw           3      179(4) 0      109(2) 3      0      52(1)  420
12   quark            3      5      0      38(2)  0      184(5) 157(1) 479
13   hsys             2      3      0      50(1)  0      3      29(1)  79
14   jay23jack        2      5      0      48(1)  0      0      72(1)  120
15   winsty           2      21     0      54(2)  3      0      85(1)  159
16   aaahexing        2      4      0      43(2)  0      0      102(1) 165
17   icyrhyme         2      4      0      92(4)  0      0      41(1)  193
18   dd_engi          2      0      0      72(4)  3      0      88(2)  240
19   EZdestroyer      2      0      0      141(6) 0      5      45(1)  286
20   forestkeeper     1      5      0      7      0      0      41(3)  81
21   smallchen        1      0      0      3      0      0      85(1)  85
22   sxstar           1      1      0      15     0      0      70(4)  130
23   hzxjgf           1      0      0      4      0      3      144(2) 164
24   milki            0      2      0      3      0      5      0      0
25   pxhdg            0      0      0      0      0      0      9      0

B
1    Fire             3      81(3)  120(1) 0      0      3       185(2) 446
2    liehuochongsheng 3      170(3) 0      116(1) 1      0       198(1) 524
3    hhanger          3      0      128(3) 0      185(2) 0       110(5) 563
4    liyuliang        3      0      195(1) 0      0      147(4)  237(1) 639
5    chnlkw           2      0      28(1)  0      193(1) 0       0      221
6    czy              2      0      99(2)  0      0      191(1)  0      310
7    navi             2      0      93(4)  0      1      179(1)  0      332
8    dd_engi          2      0      212(9) 47(1)  0      0       0      419
9    moondy           2      175(3) 210(2) 0      0      0       0      445
10   winsty           2      0      210(3) 0      0      223(16) 0      773
11   clocy            1      0      108(2) 0      0      0       0      128
12   yuzhirenzhe      1      0      110(2) 0      0      3       0      130
13   chnfish          1      3      136(2) 0      0      0       0      156
14   icyrhyme         1      0      147(2) 0      0      0       0      167
15   quark            1      0      88(6)  0      3      2       0      188
16   Fanazhe          1      0      194(1) 0      0      5       0      194
17   mj               1      0      177(2) 0      0      0       0      197
18   fatso            1      0      139(4) 0      0      0       0      199
19   hsys             1      0      0      0      0      4       162(3) 202
20   owen200104       1      0      2      0      0      0       203(2) 223
21   Ouyang_Jialin    1      0      228(3) 4      0      0       1      268
22   jay23jack        1      0      200(5) 0      0      2       0      280
23   hzxjgf           0      0      1      0      0      0       0      0
24   smallchen        0      0      2      0      0      0       0      0
25   sxstar           0      0      9      0      0      1       0      0
26   aaahexing        0      0      3      0      0      3       0      0

C
1    Fire          4      54(2)   95(2)   159(2) 0    213(3)  0      621
2    hhanger       3      25(1)   49(1)   0      0    144(3)  0      258
3    mj            3      81(3)   130(1)  195(3) 0    0       0      486
4    chnfish       3      68(7)   114(2)  198(1) 0    0       0      520
5    asmn          2      78(3)   103(1)  6      0    0       0      221
6    czy           2      69(2)   134(1)  0      0    0       0      223
7    Ouyang_Jialin 2      62(3)   123(1)  0      0    11      0      225
8    dd_engi       2      77(6)   99(1)   0      0    0       0      276
9    happylinyue   2      213(14) 82(1)   5      0    0       0      555
10   hzxjgf        1      0       55(1)   0      0    0       0      55
11   yuzhirenzhe   1      0       73(2)   0      0    0       0      93
12   classT        1      1       186(1)  0      0    0       0      186
13   clocy         1      0       2       0      0    133(4)  0      193
14   smallchen     1      0       211(3)  0      0    0       0      251
15   navi          1      10      221(3)  0      0    0       0      261
16   Fanazhe       1      0       0       0      0    0       228(8) 368
17   winsty        1      2       0       0      0    232(11) 0      432
18   owen200104    1      0       0       0      0    231(12) 0      451
19   hzwlzrj       1      0       234(14) 0      0    0       0      494
20   luyi          0      7       0       0      0    1       0      0
21   EZdestroyer   0      0       8       16     0    0       0      0
22   sxstar        0      17      0       0      0    0       0      0
23   pxhdg         0      3       0       0      0    0       0      0
24   aaahexing     0      1       0       0      0    0       0      0
25   fatso         0      6       8       0      0    0       0      0

D
1    hhanger          7      212(4) 14(1)  202(1) 41(1)  125(2) 76(1)    32(1)  782
2    liehuochongsheng 6      152(1) 14(2)  6      31(1)  181(2) 109(1)   71(3)  638
3    chnfish          4      0      23(1)  3      41(1)  219(1) 0        83(1)  366
4    Ouyang_Jialin    4      2      15(1)  14     40(2)  167(3) 0        68(3)  390
5    navi             4      137(3) 36(4)  0      49(1)  0      0        87(4)  469
6    Fanazhe          4      0      55(3)  0      73(2)  201(4) 0        117(2) 586
7    moondy           4      0      19(1)  0      150(4) 218(2) 0        85(4)  612
8    happylinyue      4      0      19(3)  214(9) 34(2)  0      5        77(4)  624
9    classT           3      1      29(1)  0      40(1)  0      10       106(1) 175
10   EZdestroyer      3      4      25(2)  0      36(1)  0      0        90(7)  291
11   jay23jack        3      0      39(2)  0      22(1)  187(3) 0        12     308
12   asmn             3      2      37(2)  3      73(5)  9      0        160(2) 390
13   czy              3      0      70(3)  0      129(4) 0      0        169(1) 468
14   luyi             3      0      35(5)  0      89(4)  1      0        205(9) 629
15   Murphy           2      0      31(1)  0      59(5)  0      0        6      170
16   pxhdg            2      0      70(1)  0      134(2) 0      0        2      224
17   hsys             2      0      47(2)  0      7      3      0        148(2) 235
18   clocy            2      0      115(1) 0      10     0      0        153(1) 268
19   quark            2      0      111(1) 0      15     147(3) 0        0      298
20   forestkeeper     2      0      55(5)  0      3      0      0        186(4) 381
21   Fire             2      0      0      148(1) 0      0      208(3)   0      396
22   fatso            1      0      13(1)  0      4      8      0        13     13
23   hzwlzrj          1      0      22(2)  0      14     4      1        0      42
24   icyrhyme         1      0      93(1)  0      1      0      0        0      93
25   hzxjgf           1      0      51(5)  0      3      0      0        0      131
26   yuzhirenzhe      0      2      0      0      0      0      0        0      0
27   smallchen        0      0      2      0      0      0      0        0      0
28   sxstar           0      0      0      0      0      1      0        0      0

B
1    liehuochongsheng 3      0      31(1)  53(2)   8  0 226(6) 430
2    xgy              3      188(1) 69(4)  124(2)  0  0 0      461
3    moondy           3      224(5) 26(3)  80(4)   0  0 0      510
4    Ouyang_Jialin    2      0      8(1)   56(1)   0  1 0      64
5    dd_engi          2      6      40(3)  119(4)  0  0 0      259
6    jay23jack        2      0      63(5)  118(1)  0  0 2      261
7    navi             2      0      72(7)  142(2)  2  0 0      354
8    Fanazhe          2      0      113(5) 173(1)  0  0 0      366
9    hhanger          2      0      80(8)  114(3)  0  0 0      374
10   smallchen        2      0      109(5) 217(3)  0  0 0      446
11   luyi             2      0      59(3)  233(8)  0  0 0      472
12   icyrhyme         1      0      73(3)  0       0  0 0      113
13   hsys             1      0      12     128(1)  0  0 0      128
14   milki            1      0      2      116(2)  13 0 0      136
15   winsty           1      0      20     139(3)  0  0 0      179
16   quark            1      0      0      141(6)  0  0 0      241
17   czy              1      0      7      225(8)  0  0 0      365
18   aaahexing        1      0      0      208(11) 0  0 0      408
19   hzwlzrj          1      0      1      161(18) 0  0 0      501
20   sxstar           0      0      4      0       0  0 0      0
21   clocy            0      0      13     0       0  0 0      0
22   hzxjgf           0      0      1      9       0  0 0      0
23   fatso            0      0      0      10      0  0 0      0

C
1    Ouyang_Jialin 5      65(3)  144(2) 103(1) 32(1)  22(2)   5    446
2    hhanger       5      72(6)  168(3) 129(2) 16(3)  8(1)    0    593
3    happylinyue   4      72(1)  163(6) 0      26(1)  9(1)    0    370
4    mj            4      77(1)  188(2) 0      29(3)  12(3)   0    406
5    dd_engi       4      200(6) 116(3) 0      37(1)  23(1)   0    516
6    asmn          4      2      227(3) 142(2) 61(2)  159(10) 0    849
7    winsty        3      119(4) 10     0      60(2)  44(2)   0    323
8    Fanazhe       3      1      215(4) 0      90(4)  27(1)   0    452
9    navi          3      156(5) 0      0      90(1)  56(5)   2    462
10   yuzhirenzhe   2      1      0      0      84(1)  48(1)   0    132
11   owen200104    2      9      0      0      88(3)  39(2)   0    187
12   Fire          2      37(2)  0      147(6) 0      0       0    304
13   aaahexing     2      0      0      4      155(6) 69(3)   0    364
14   smallchen     2      0      0      0      203(2) 143(4)  0    426
15   luyi          1      0      3      0      41(2)  3       0    61
16   czy           1      0      0      0      101(2) 0       0    121
17   milki         1      0      0      0      144(4) 1       0    204
18   clocy         1      4      0      0      148(4) 2       0    208
19   forestkeeper  1      0      0      0      2      124(6)  0    224
20   classT        1      0      0      0      190(3) 18      0    230
21   sxstar        1      0      0      0      9      128(10) 0    308
22   EZdestroyer   1      3      0      0      6      137(11) 0    337
23   hzwlzrj       0      1      0      0      16     2       0    0
24   hzxjgf        0      0      0      0      8      3       0    0
25   pxhdg         0      0      0      0      3      1       0    0
26   fatso         0      0      0      0      5      0       0    0

D
1    liehuochongsheng 5      0 90(1)  145(1) 32(1)   0 41(1)   112(4) 480
2    hhanger          5      0 124(2) 108(3) 28(1)   0 43(2)   194(6) 677
3    asmn             4      0 130(3) 214(5) 27(1)   0 43(1)   2      534
4    Ouyang_Jialin    4      0 160(8) 193(1) 47(2)   0 52(4)   3      672
5    navi             3      0 118(1) 10     46(1)   0 69(1)   1      233
6    moondy           3      0 0      142(1) 40(1)   0 70(2)   0      272
7    classT           3      0 0      176(1) 30(2)   0 106(5)  0      412
8    Fanazhe          3      0 234(5) 0      50(1)   0 85(2)   0      469
9    hsys             3      0 180(2) 0      73(1)   0 130(5)  0      483
10   jay23jack        3      0 228(2) 0      69(3)   0 223(3)  0      620
11   czy              2      0 0      0      58(2)   0 26(1)   0      104
12   happylinyue      2      0 6      8      33(3)   0 45(1)   0      118
13   clocy            2      0 0      0      69(1)   0 114(4)  5      243
14   forestkeeper     2      0 18     0      38(3)   0 90(5)   0      248
15   pxhdg            2      2 0      0      115(1)  0 92(6)   0      307
16   luyi             2      0 3      2      105(2)  0 84(7)   0      329
17   icyrhyme         2      0 2      0      57(3)   0 144(7)  0      361
18   EZdestroyer      2      0 6      0      117(11) 0 44(1)   0      361
19   fatso            2      0 0      0      87(2)   0 167(12) 4      494
20   hzwlzrj          2      0 0      0      119(10) 0 201(20) 0      880
21   quark            1      0 0      0      36(2)   0 5       17     56
22   hzxjgf           1      0 0      0      36(4)   0 6       0      96
23   yuzhirenzhe      0      0 0      0      0       0 1       0      0
24   aaahexing        0      0 0      0      1       0 0       0      0

A
1    hhanger          5     2 33(4)   42(2)   78(3)  103(2) 147(2)  563
2    asmn             5     0 177(4)  58(1)   238(5) 164(6) 86(1)   963
3    liehuochongsheng 5     0 224(6)  61(2)   84(2)  175(6) 199(2)  1003
4    happylinyue      3     1 1       26(1)   1      103(1) 56(1)   185
5    moondy           3     0 0       23(1)   5      60(1)  112(2)  215
6    jay23jack        3     0 70(1)   109(1)  0      0      189(1)  368
7    dd_engi          3     0 26      38(1)   0      196(5) 150(3)  504
8    EZdestroyer      2     0 0       38(1)   0      124(1) 9       162
9    hsys             2     0 224(4)  29(3)   0      0      2       353
10   classT           2     0 205(15) 36(1)   0      4      0       521
11   winsty           2     0 0       58(2)   0      0      239(20) 697
12   aaahexing        1     0 3       40(1)   0      0      0       40
13   sxstar           1     0 0       91(1)   0      0      6       91
14   owen200104       1     0 0       96(1)   0      0      0       96
15   milki            1     0 0       97(1)   0      0      0       97
16   quark            1     0 0       90(3)   0      0      2       130
17   icyrhyme         1     0 0       122(2)  0      0      0       142
18   Fire             1     0 0       0       0      0      162(2)  182
19   pxhdg            1     0 214(1)  1       0      0      0       214
20   smallchen        1     0 206(4)  0       0      0      0       266
21   forestkeeper     1     0 0       139(33) 1      0      0       779
22   luyi             0     0 0       6       0      0      0       0
23   hzwlzrj          0     0 0       11      0      0      0       0
24   hzxjgf           0     0 0       2       1      0      0       0

C
1    Ouyang_Jialin 4      28(2)   0    143(1) 189(1) 62(2)  1    462
2    dd_engi       4      17(2)   0    178(4) 165(3) 40(2)  0    540
3    czy           3      35(1)   0    123(3) 0      61(2)  0    279
4    asmn          3      67(3)   0    155(4) 1      64(1)  0    386
5    Fanazhe       2      35(1)   0    11     0      56(1)  0    91
6    sxstar        2      24(1)   0    11     0      76(2)  0    120
7    winsty        2      26(2)   0    5      0      59(2)  0    125
8    clocy         2      37(1)   0    0      0      112(1) 0    149
9    navi          2      58(2)   0    0      1      96(3)  0    214
10   aaahexing     2      88(1)   0    2      0      146(2) 0    254
11   EZdestroyer   2      59(4)   0    25     0      83(4)  0    262
12   pxhdg         2      91(3)   0    0      0      125(4) 0    316
13   owen200104    2      76(3)   0    1      0      166(3) 0    322
14   luyi          2      153(7)  0    189(3) 1      0      0    502
15   hzxjgf        2      129(8)  0    1      0      217(4) 0    546
16   milki         1      4       0    0      0      54(2)  0    74
17   hzwlzrj       1      76(4)   0    2      0      3      0    136
18   fatso         1      98(4)   0    0      0      12     0    158
19   smallchen     1      0       0    0      0      139(4) 0    199
20   classT        1      9       0    0      0      218(4) 0    278
21   forestkeeper  1      238(20) 0    1      0      0      0    618

D
1    classT           6      195(2) 50(1)  2(1)  5(1) 21(2)   0       89(3)  452
2    asmn             6      0      100(1) 5(1)  8(1) 19(3)   123(4)  157(1) 542
3    Ouyang_Jialin    6      2      67(1)  4(1)  8(1) 41(4)   109(3)  140(4) 559
4    moondy           6      0      128(3) 11(1) 5(2) 44(2)   141(7)  213(3) 802
5    navi             6      0      91(2)  1(1)  2(1) 58(3)   138(12) 229(9) 969
6    liehuochongsheng 5      0      104(1) 40(1) 7(2) 83(4)   143(1)  0      517
7    Fanazhe          5      0      93(2)  5(1)  5(1) 33(2)   213(8)  1      569
8    czy              5      0      123(1) 32(1) 3(1) 76(5)   203(2)  0      577
9    EZdestroyer      5      0      172(6) 16(1) 4(1) 112(9)  167(5)  7      831
10   clocy            5      0      163(5) 17(4) 4(2) 80(6)   0       230(6) 894
11   luyi             5      0      220(7) 54(1) 1(2) 192(9)  128(2)  0      985
12   pxhdg            4      0      113(1) 18(1) 3(1) 86(4)   0       2      320
13   jay23jack        4      0      124(1) 59(1) 4(1) 89(4)   0       0      386
14   icyrhyme         4      0      161(3) 12(1) 3(1) 113(5)  0       1      449
15   forestkeeper     4      0      146(2) 9(1)  2(1) 30      218(3)  0      465
16   quark            4      2      159(1) 16(1) 4(3) 138(12) 0       0      627
17   happylinyue      4      0      12     8(1)  9(1) 138(14) 0       143(8) 708
18   fatso            3      0      182(4) 9(1)  3(2) 21      0       0      304
19   hsys             3      0      159(2) 11(1)      118(3)  0       5      348
20   hzxjgf           2      0      4      16(1) 7(1) 3       0       0      53
21   hzwlzrj          2      0      0      19(2) 0(2) 19      0       0      89
22   yuzhirenzhe      2      0      0      52(1) 7(3) 0       3       0      179
23   hhanger          0      0      0      0          1       0       0      0 

A
1    asmn         4      0     180(1) 0      156(4) 148(4) 13(1)  617
2    moondy       4      5     145(6) 210(2) 0      85(2)  29(3)  649
3    winsty       3      0     70(1)  2      0      138(1) 52(2)  280
4    dd_engi      3      7     129(1) 0      0      167(5) 41(1)  417
5    pxhdg        3      0     0      0      239(4) 231(4) 43(1)  633
6    sxstar       2      83(1) 0      0      0      6      30(1)  113
7    classT       2      8     1      0      0      128(1) 11(1)  139
8    quark        2      0     0      140(2) 0      3      23(1)  183
9    yuzhirenzhe  2      0     0      0      151(1) 0      52(3)  243
10   milki        2      0     0      0      0      118(7) 14(1)  252
11   hzxjgf       2      0     0      162(1) 0      1      52(3)  254
12   aaahexing    2      0     0      0      5      136(6) 34(1)  270
13   Fire         2      0     0      232(2) 152(3) 0      0      444
14   luyi         1      0     0      0      4      0      25(1)  25
15   icyrhyme     1      2     0      0      0      3      38(1)  38
16   hsys         1      1     0      0      0      7      38(1)  38
17   forestkeeper 1      0     0      0      2      10     19(2)  39
18   EZdestroyer  1      3     0      2      0      6      27(2)  47
19   owen200104   1      0     0      0      0      4      42(2)  62
20   smallchen    1      0     0      0      0      0      117(2) 137
21   admin        0      0     0      0      1      0      0      0
22   hzwlzrj      0      0     0      0      0      0      7      0

B
1    dd_engi       5      136(1) 45(6)   100(1) 56(1)   211(1) 0      648
2    moondy        4      0      15(1)   101(1) 54(1)   205(1) 0      375
3    Ouyang_Jialin 4      166(2) 14(1)   142(1) 38(1)   0      0      380
4    Fanazhe       4      229(3) 27(1)   138(3) 80(2)   2      0      574
5    czy           4      0      43(4)   168(3) 76(2)   0      235(6) 742
6    navi          4      181(4) 24(1)   198(1) 150(10) 0      0      793
7    icyrhyme      3      0      55(1)   231(2) 117(1)  0      0      423
8    jay23jack     3      0      32(1)   228(3) 99(3)   0      0      439
9    quark         3      0      221(6)  1      87(1)   101(1) 0      509
10   winsty        2      0      19(1)   0      93(2)   0      0      132
11   hsys          2      0      55(2)   4      87(1)   0      0      162
12   aaahexing     2      0      101(4)  0      149(1)  0      0      310
13   sxstar        2      0      19      217(2) 125(2)  0      0      382
14   clocy         2      0      222(5)  0      177(1)  0      0      479
15   hzwlzrj       2      0      0       173(6) 163(4)  0      0      496
16   smallchen     2      0      137(10) 0      202(3)  0      0      559
17   fatso         1      0      3       4      85(1)   0      0      85
18   luyi          1      0      5       5      98(1)   0      0      98
19   hzxjgf        1      0      2       0      99(1)   0      0      99
20   mj            1      0      0       0      0       0      214(1) 214
21   Fire          0      0      0       0      0       0      2      0
22   yuzhirenzhe   0      0      2       0      0       0      0      0
23   owen200104    0      0      0       0      0       0      6      0 

D
1    liehuochongsheng 5      85(1)  50(1)   136(5)  68(2)  0    38(1)  477
2    Ouyang_Jialin    5      118(1) 92(2)   186(2)  39(1)  2    60(1)  535
3    asmn             5      91(2)  205(2)  153(2)  108(1) 2    61(1)  678
4    czy              5      201(1) 64(2)   243(2)  179(1) 0    127(5) 934
5    moondy           4      87(1)  33(1)   4       70(1)  0    56(2)  266
6    jay23jack        4      223(1) 147(3)  0       106(1) 0    35(1)  551
7    hsys             4      154(1) 217(1)  0       125(1) 0    80(2)  596
8    navi             3      34(1)  5       14      92(1)  0    70(4)  256
9    luyi             3      1      177(1)  0       107(4) 0    145(1) 489
10   pxhdg            3      0      61(2)   0       212(3) 0    163(1) 496
11   EZdestroyer      3      13     154(11) 0       96(2)  0    42(2)  532
12   Fanazhe          3      165(1) 208(1)  10      0      0    185(1) 558
13   mj               2      6      63(5)   0       0      0    89(3)  272
14   clocy            2      0      0       0       196(5) 0    74(2)  370
15   icyrhyme         2      0      2       0       244(3) 0    70(2)  374
16   quark            2      0      204(3)  0       1      0    124(5) 448
17   Fire             1      0      0       181(1)  0      0    0      181
18   fatso            1      0      1       0       0      0    184(7) 304
19   hzxjgf           1      0      1       0       0      0    205(7) 325
20   hzwlzrj          1      0      1       0       214(8) 0    0      354
21   yuzhirenzhe      0      0      0       1       0      0    0      0
22   forestkeeper     0      0      3       0       0      0    5      0

A
1    liehuochongsheng 4      0      182(2) 1      203(4) 60(1)  0 75(1)   600
2    moondy           3      0      0      109(1) 4      186(7) 0 57(2)   492
3    Fire             3      166(1) 0      195(1) 224(3) 0      0 0       625
4    quark            2      0      0      0      113(2) 45(1)  0 7       178
5    happylinyue      2      0      0      72(2)  3      133(2) 0 0       245
6    EZdestroyer      2      0      0      2      197(2) 172(5) 0 0       469
7    smallchen        2      0      0      0      0      86(2)  0 221(20) 707
8    asmn             1      0      0      3      7      47(1)  0 0       47
9    owen200104       1      0      0      0      63(4)  1      0 0       123
10   luyi             1      4      0      0      5      106(2) 0 0       126
11   jay23jack        1      0      0      1      4      154(2) 0 0       174
12   sxstar           1      0      0      1      1      170(3) 0 0       210
13   winsty           1      0      0      7      1      158(4) 0 0       218
14   aaahexing        1      0      0      0      3      124(6) 0 0       224
15   hzwlzrj          0      0      0      0      0      8      0 0       0
16   icyrhyme         0      0      0      0      0      0      0 6       0
17   yuzhirenzhe      0      1      0      0      0      1      0 0       0
18   clocy            0      0      0      1      0      0      0 0       0
19   hzxjgf           0      0      0      0      4      1      0 0       0
20   forestkeeper     0      0      0      2      0      3      0 0       0
21   pxhdg            0      0      0      0      0      3      0 0       0
22   hsys             0      0      0      0      3      4      0 0       0

B
1    liehuochongsheng 4      0 23(3)  67(2)  1 0 96(1)  64(1)  310
2    moondy           4      0 78(2)  107(4) 0 0 184(4) 196(2) 725
3    hhanger          3      0 22(1)  80(3)  0 0 0      49(2)  211
4    czy              3      0 118(2) 172(1) 1 0 2      86(1)  396
5    navi             3      0 36(3)  112(2) 0 0 175(2) 7      403
6    Fanazhe          3      0 40(2)  182(1) 0 0 239(1) 8      481
7    jay23jack        3      0 150(2) 145(1) 0 0 215(1) 4      530
8    Ouyang_Jialin    2      0 12(1)  106(2) 0 0 1      2      138
9    winsty           2      0 16     147(4) 0 0 0      23(2)  250
10   icyrhyme         2      0 112(3) 164(1) 0 0 0      0      316
11   hsys             2      0 127(2) 169(1) 0 0 0      2      316
12   quark            2      0 0      124(2) 0 0 206(1) 5      350
13   skatou           2      0 0      101(3) 0 0 0      220(5) 441
14   owen200104       1      0 0      82(1)  2 0 0      0      82
15   aaahexing        1      0 6      120(2) 0 0 0      3      140
16   fatso            1      0 3      113(5) 0 0 0      1      193
17   luyi             1      0 0      208(2) 0 0 7      5      228
18   hzwlzrj          1      0 0      125(9) 1 0 0      7      285
19   clocy            1      0 0      209(6) 0 0 0      0      309
20   sxstar           1      0 4      233(8) 0 0 0      5      373
21   mj               0      0 8      0      0 0 0      0      0
22   smallchen        0      0 0      0      0 0 0      3      0

C
1    navi         4      0    30(3)  1    0    164(1) 117(2)  58(3)  469
2    asmn         4      0    36(2)  0    0    181(1) 133(3)  77(4)  547
3    happylinyue  3      0    26(1)  0    2    0      158(1)  85(4)  329
4    EZdestroyer  3      0    124(8) 0    0    0      220(13) 79(4)  863
5    sxstar       2      0    110(2) 0    0    0      0       46(2)  196
6    winsty       2      0    111(2) 0    9    0      0       63(3)  234
7    Fanazhe      2      0    54(3)  0    0    0      145(1)  0      239
8    aaahexing    2      0    64(2)  0    0    2      1       123(3) 247
9    owen200104   2      1    105(2) 0    0    0      0       84(4)  269
10   czy          2      0    146(3) 0    0    0      2       134(1) 320
11   pxhdg        1      0    7      0    0    0      0       44(2)  64
12   clocy        1      0    6      0    0    0      0       50(3)  90
13   fatso        1      0    2      0    0    0      0       126(1) 126
14   hzwlzrj      1      0    2      0    0    0      0       120(3) 160
15   smallchen    1      0    177(2) 0    0    0      0       0      197
16   forestkeeper 1      0    4      0    0    0      0       133(8) 273
17   skatou       0      0    0      0    0    0      0       2      0
18   luyi         0      0    0      0    2    0      0       3      0
19   yuzhirenzhe  0      0    3      0    0    0      0       1      0

S
1    jay23jack   2      0    0       169(1) 0     56(2) 0      245
2    hsys        2      0    228(1)  0      0     0     120(2) 368
3    Fanazhe     2      0    239(5)  4      55(1) 0     0      374
4    navi        2      0    135(4)  0      0     1     157(3) 392
5    owen200104  2      0    208(5)  0      0     0     74(3)  402
6    luyi        2      0    133(5)  0      0     0     236(6) 549
7    EZdestroyer 2      0    226(11) 0      0     0     140(1) 566
8    quark       1      0    0       39(1)  0     0     1      39
9    pxhdg       1      0    1       0      0     0     133(1) 133
10   aaahexing   1      0    0       0      0     0     177(1) 177
11   moondy      1      0    1       1      0     0     100(5) 180
12   fatso       1      0    0       2      0     0     198(2) 218
13   icyrhyme    1      0    206(2)  0      0     0     0      226
14   sxstar      0      0    0       4      0     0     0      0
15   hzwlzrj     0      2    0       1      0     0     3      0
16   clocy       0      0    0       0      0     0     15     0
17   czy         0      0    4       0      0     0     2      0
