A
1    ll861112      3      105(2) 0      3      0 31(1)  198(1) 354
2    moondy        3      87(4)  0      0      0 120(1) 236(2) 523
3    hhanger       3      0      0      227(4) 7 57(1)  199(1) 543
4    Ouyang_Jialin 2      6      0      0      8 39(1)  135(1) 174
5    navj          2      0      0      3      0 113(2) 49(2)  202
6    yuzhirenzhe   2      0      4      0      0 94(6)  38(1)  232
7    xgy           2      0      0      122(4) 1 58(1)  0      240
8    liu3063031168 2      0      0      64(3)  0 136(2) 2      260
9    watashi       2      0      205(1) 1      0 66(2)  0      291
10   Fire          2      0      0      1      5 74(3)  198(1) 312
11   hsys          1      0      0      0      0 115(2) 2      135
12   wyest         1      0      0      0      0 205(1) 0      205
13   owen200402    1      0      0      0      3 203(2) 0      223
14   happylinyue   1      199(8) 0      1      0 1      0      339
15   winsty        0      5      0      2      0 2      0      0
16   relive        0      0      0      1      0 2      0      0
17   Fanazhe       0      0      0      0      1 1      0      0
18   vivyli        0      7      0      1      0 5      0      0
19   classT        0      0      0      18     0 0      0      0
20   ljzhao        0      0      0      13     0 1      0      0
21   aaahexing     0      2      0      4      0 0      2      0
22   aaron35203432 0      0      0      0      0 0      5      0

B
1    watashi       6      40(2)   87(1)  0 28(1)  122(2) 199(1) 0 164(1) 680
2    hhanger       6      81(3)   105(1) 0 50(1)  131(3) 225(7) 0 151(1) 943
3    Ouyang_Jialin 5      8(1)    75(1)  0 110(1) 134(1) 2      0 200(2) 547
4    xgy           5      58(2)   93(1)  0 44(2)  112(1) 4      0 205(2) 572
5    Murphy        5      27(3)   122(1) 0 38(1)  90(4)  2      0 199(5) 656
6    rpggpr        5      44(1)   183(3) 0 59(1)  224(1) 0      0 123(2) 693
7    owen200402    4      37(2)   136(2) 0 54(1)  173(1) 1      0 0      440
8    asmn          4      0       109(1) 0 36(3)  128(3) 0      0 238(5) 671
9    happylinyue   4      113(4)  174(2) 0 55(1)  216(3) 1      0 1      678
10   vivyli        3      13(1)   110(4) 0 43(1)  10     0      0 0      226
11   moondy        3      159(5)  64(1)  0 72(1)  0      0      0 0      375
12   dd_engi       3      66(9)   145(2) 0 19(1)  13     0      0 0      410
13   yuzhirenzhe   3      2       159(1) 0 94(1)  189(2) 0      0 0      462
14   EZdestroyer   3      153(9)  127(2) 0 29(1)  0      0      0 2      489
15   Fanazhe       3      219(4)  215(1) 0 1      212(2) 0      0 0      726
16   T_T           2      3       57(3)  0 62(1)  1      0      0 2      159
17   aaron35203432 2      0       159(1) 0 56(1)  0      0      0 10     215
18   classT        2      107(13) 4      0 58(1)  0      0      0 0      405
19   hsys          1      0       58     0 79(3)  0      0      0 0      119
20   wanwei        1      7       127(3) 0 2      0      0      0 0      167
21   relive        0      7       1      0 0      0      0      0 1      0

C
1    Fire          6      217(3) 55(1)  22(1)   0 127(2) 87(1)  194(2) 782
2    watashi       4      0      54(1)  78(6)   0 190(3) 0      142(2) 624
3    xgy           4      0      61(2)  95(12)  0 200(6) 0      171(1) 867
4    happylinyue   3      12     96(3)  13(2)   0 0      29(1)  0      198
5    ll861112      3      0      65(1)  19(2)   0 16     113(1) 0      217
6    Murphy        2      0      38(1)  24(4)   0 15     0      5      122
7    navj          2      0      17(1)  82(5)   0 21     0      0      179
8    dd_engi       2      26(4)  113(1) 13      0 0      18     0      199
9    vivyli        2      0      59(4)  139(1)  0 1      0      1      258
10   T_T           2      0      137(1) 26(6)   0 16     0      2      263
11   winsty        2      0      118(1) 61(7)   0 11     0      1      299
12   EZdestroyer   2      0      72(3)  172(4)  0 18     0      2      344
13   wyest         2      0      172(2) 199(4)  0 2      0      0      451
14   ljzhao        2      0      148(5) 163(8)  0 0      0      0      531
15   liu3063031168 2      0      95(7)  177(11) 0 1      0      0      592
16   classT        2      0      105(1) 180(25) 1 12     0      0      765
17   moondy        2      1      125(4) 199(21) 0 0      0      0      784
18   asmn          1      1      17(1)  49      0 12     1      0      17
19   aaahexing     1      0      18(1)  27      0 10     0      0      18
20   rpggpr        1      0      72(1)  12      0 8      0      0      72
21   wanwei        0      0      14     0       0 0      0      0      0
22   owen200402    0      0      9      4       0 1      0      0      0

D
1    hhanger       6      0   65(1)   0   195(2) 82(1)  226(13) 27(1)  51(1)   906
2    Fire          5      0   136(1)  0   0      37(1)  206(2)  72(3)  112(3)  663
3    Murphy        5      0   75(1)   0   0      151(5) 226(3)  133(1) 53(4)   818
4    ll861112      4      0   71(1)   0   2      172(1) 0       128(1) 43(2)   434
5    dd_engi       3      0   97(2)   0   0      9      0       67(3)  35(1)   259
6    Ouyang_Jialin 3      0   75(2)   0   0      0      0       122(3) 233(9)  650
7    Fanazhe       2      0   58(1)   0   0      0      0       2      119(1)  177
8    navj          2      0   50(2)   0   0      0      0       10     92(4)   222
9    asmn          2      0   6       0   201(1) 0      0       0      104(1)  305
10   rpggpr        2      0   59(3)   0   0      0      0       8      150(9)  409
11   EZdestroyer   2      0   127(1)  0   0      0      0       232(8) 0       499
12   winsty        2      0   43(1)   0   0      7      0       0      224(14) 527
13   hsys          1      0   79(1)   0   0      0      0       2      3       79
14   ljzhao        1      0   98(1)   0   0      0      0       12     0       98
15   T_T           1      0   113(1)  0   0      0      0       1      12      113
16   wyest         1      0   149(1)  0   1      0      0       0      0       149
17   yuzhirenzhe   1      0   174(1)  0   3      0      0       7      0       174
18   aaahexing     1      0   208(2)  0   1      0      4       0      0       228
19   relive        1      0   157(5)  0   0      0      0       4      0       237
20   liu3063031168 1      0   220(13) 0   0      0      0       10     0       460
21   aaron35203432 0      0   3       0   3      0      0       0      0       0

B
1    Murphy        6      44(2)  30(2)  164(2) 0 109(3) 58(1)  132(1)  637
2    watashi       6      119(2) 59(1)  146(1) 0 38(1)  76(1)  218(1)  676
3    dd_engi       6      112(4) 26(3)  185(1) 0 44(1)  69(1)  165(1)  701
4    hhanger       5      164(5) 15(1)  8      0 72(1)  99(1)  232(5)  742
5    xgy           4      0      79(3)  228(2) 0 38(1)  107(2) 2       532
6    Ouyang_Jialin 4      0      91(2)  2      0 59(2)  106(1) 181(25) 957
7    EZdestroyer   3      0      47(3)  0      0 136(2) 80(1)  8       323
8    asmn          3      4      157(5) 0      0 76(3)  110(1) 0       463
9    classT        3      0      207(5) 0      0 45(1)  161(1) 0       493
10   rpggpr        3      0      0      0      0 68(1)  137(1) 231(5)  516
11   Fanazhe       3      0      208(1) 0      0 157(5) 96(1)  0       541
12   hsys          3      0      0      0      0 109(1) 147(4) 226(2)  562
13   moondy        2      0      10     0      0 45(2)  91(1)  0       156
14   wanwei        2      0      1      0      0 0      145(2) 93(1)   258
15   relive        2      0      213(1) 0      0 0      118(2) 0       351
16   T_T           2      0      216(3) 0      0 13     115(1) 0       371
17   happylinyue   2      0      1      0      0 216(5) 95(2)  0       411
18   yuzhirenzhe   2      0      175(6) 0      0 1      194(1) 5       469
19   aaron35203432 1      0      3      0      0 13     213(1) 0       213
20   vivyli        0      0      0      0      0 1      5      0       0
21   owen200402    0      0      1      0      0 3      7      0       0

C
1    watashi       3      139(1) 0 3      0 87(1)  0 54(1)  280
2    dd_engi       3      138(2) 0 6      0 159(1) 0 91(7)  528
3    ll861112      2      0      0 7      0 152(2) 0 69(1)  241
4    happylinyue   2      0      0 126(1) 0 16     0 64(5)  270
5    rpggpr        2      0      0 0      0 186(2) 0 67(1)  273
6    asmn          2      1      0 0      0 125(7) 0 48(1)  293
7    Murphy        2      188(5) 3 0      0 0      0 49(1)  317
8    classT        2      0      0 0      0 83(6)  0 174(1) 357
9    EZdestroyer   2      3      0 0      0 143(5) 0 164(1) 387
10   xgy           2      3      0 0      0 162(4) 0 152(2) 394
11   ljzhao        1      0      0 0      0 7      0 92(2)  112
12   Fire          1      0      0 0      0 9      0 79(3)  119
13   T_T           1      0      0 0      0 13     0 89(3)  129
14   moondy        1      0      0 0      0 1      0 156(1) 156
15   winsty        1      0      0 14     0 0      0 136(5) 216
16   wanwei        0      0      0 0      0 9      0 0      0
17   vivyli        0      0      0 0      0 1      0 1      0
18   liu3063031168 0      0      0 1      0 0      0 1      0
19   owen200402    0      0      0 0      0 7      0 0      0
20   wyest         0      0      0 0      0 0      0 1      0
21   aaahexing     0      0      0 0      0 3      0 3      0
22   navj          0      0      0 0      0 33     0 23     0

D
1    Fire          4      76(2)   36(1)    4        0       18(1)    136(2) 0        306
2    Murphy        4      219(4)  37(1)    0        19      10(1)    65(1)  0        391
3    rpggpr        4      0       143(2)   0        0       23(1)    110(7) 197(1)   613
4    hhanger       3      9       76(1)    0        0       22(1)    58(1)  5        156
5    hsys          3      138(1)  85(1)    0        0       25(1)    5      0        248
6    dd_engi       3      53(3)   93(5)    0        24      45(1)    0      0        311
7    Ouyang_Jialin 3      0       91(2)    0        0       15(1)    192(2) 0        338
8    yuzhirenzhe   3      227(4)  88(2)    0        0       37(1)    4      0        432
9    relive        3      221(2)  126(4)   0        0       27(1)    0      0        454
10   EZdestroyer   3      0       65(4)    0        0       20(1)    6      154(9)   459
11   wanwei        3      0       122(2)   0        0       56(3)    233(2) 0        491
12   asmn          2      4       42(1)    0        0       24(1)    11     0        66
13   T_T           2      3       58(1)    0        0       32(2)    5      0        110
14   ll861112      2      0       84(4)    0        0       14(1)    10     0        158
15   ljzhao        2      0       99(3)    0        0       30(1)    9      0        169
16   Fanazhe       2      0       118(2)   0        0       39(1)    7      0        177
17   liu3063031168 2      0       72(3)    0        0       50(5)    12     0        242
18   winsty        2      5       196(9)   0        0       30(1)    0      0        386
19   navj          2      234(10) 0        0        0       35(2)    0      0        469
20   wyest         2      0       219(4)   0        0       47(9)    0      0        486
21   aaron35203432 1      2       11       0        0       29(1)    0      0        29
22   aaahexing     1      0       15       0        0       27(2)    0      0        47

A
1    hhanger       3      0 0 119(2) 140(3) 6 0      171(2) 510
2    relive        2      0 0 44(1)  0      0 0      157(1) 201
3    watashi       2      0 0 82(3)  6      0 0      109(2) 251
4    Fire          2      0 0 143(2) 3      0 100(1) 0      263
5    xgy           2      0 0 136(2) 0      1 156(5) 0      392
6    happylinyue   2      0 0 125(6) 0      0 0      217(2) 462
7    owen200402    2      0 0 232(2) 169(6) 0 0      0      521
8    winsty        1      0 0 138(1) 7      0 0      0      138
9    navj          1      0 0 147(1) 12     0 0      0      147
10   Ouyang_Jialin 1      0 0 142(2) 3      0 0      7      162
11   ll861112      1      0 0 111(4) 2      0 2      0      171
12   hsys          1      0 0 158(3) 0      4 0      0      198
13   moondy        1      0 0 112(6) 1      0 0      0      212
14   vivyli        1      0 0 180(4) 9      0 0      0      240
15   ljzhao        1      0 0 230(3) 0      0 0      0      270
16   yuzhirenzhe   1      2 0 235(4) 0      9 1      0      295
17   wyest         1      0 0 177(7) 1      0 0      0      297
18   Fanazhe       0      0 0 0      4      0 0      0      0
19   liu3063031168 0      0 0 0      0      0 0      11     0
20   classT        0      0 0 10     0      4 0      0      0
21   aaahexing     0      0 0 2      2      0 0      0      0
22   aaron35203432 0      0 0 1      7      0 0      1      0

C
1    watashi       5      63(3)    139(4)   92(1)   2       41(1)   19(1)    0      454
2    ll861112      5      32(2)    148(3)   68(2)   0       94(2)   41(1)    0      483
3    T_T           5      22(1)    228(3)   61(1)   0       140(2)  42(1)    0      553
4    Murphy        5      86(1)    130(3)   59(4)   8       100(2)  75(2)    0      590
5    Fire          5      50(2)    209(4)   65(1)   0       148(2)  25(1)    0      597
6    dd_engi       4      46(3)    1        59(1)   0       79(1)   20(1)    0      244
7    happylinyue   4      38(1)    0        64(1)   0       104(3)  20(1)    0      266
8    xgy           4      55(1)    0        88(2)   7       72(1)   43(1)    0      278
9    winsty        4      187(1)   0        90(1)   0       146(5)  51(2)    6      574
10   classT        4      101(1)   0        28(1)   0       215(11) 78(3)    0      662
11   asmn          4      170(8)   8        133(1)  0       193(3)  100(1)   0      776
12   navj          3      0        4        98(1)   0       67(4)   17(2)    0      262
13   wyest         3      83(1)    0        162(1)  0       0       186(1)   0      431
14   EZdestroyer   3      60(6)    2        89(3)   0       4       187(1)   0      476
15   wanwei        3      172(10)  0        42(1)   0       0       108(5)   0      582
16   owen200402    3      194(3)   2        144(2)  0       0       155(6)   0      653
17   moondy        2      3        0        108(1)  0       0       165(4)   0      333
18   liu3063031168 2      3        0        170(1)  0       0       192(4)   0      422
19   vivyli        2      0        0        218(6)  0       0       103(2)   0      441
20   ljzhao        2      0        0        178(1)  0       0       153(9)   0      491
21   aaahexing     1      1        0        123(1)  0       0       0        0      123

D
1    Fire          4      0     232(6) 85(3)   167(2)  0      0      102(4) 806
2    dd_engi       3      0     0      19(1)   194(3)  4      2      52(3)  345
3    hhanger       3      0     0      72(6)   158(4)  0      0      20(1)  410
4    navj          3      0     0      101(1)  185(3)  0      0      49(3)  415
5    Fanazhe       3      0     0      104(3)  236(6)  0      0      45(2)  545
6    asmn          3      0     0      59(3)   225(10) 0      0      82(1)  586
7    hsys          3      1     0      66(1)   208(2)  0      0      231(5) 605
8    T_T           3      0     0      114(7)  179(5)  0      6      61(4)  614
9    winsty        3      0     0      128(2)  217(16) 0      0      83(3)  788
10   Ouyang_Jialin 3      0     0      144(10) 124(2)  0      0      192(8) 800
11   Murphy        2      0     0      56(4)   7       2      0      64(1)  180
12   ll861112      2      0     0      32(3)   1       8      0      78(3)  190
13   relive        2      0     0      68(3)   0       0      0      141(1) 249
14   skatou        2      0     0      97(1)   0       0      0      163(4) 320
15   EZdestroyer   2      0     0      117(10) 1       0      0      44(2)  361
16   aaahexing     1      0     0      98(2)   14      0      0      0      118
17   yuzhirenzhe   1      0     0      0       15      0      0      144(6) 244
18   liu3063031168 1      0     0      156(11) 0       0      0      7      356
19   wanwei        0      0     0      0       6       0      0      3      0
20   ljzhao        0      0     0      0       22      0      0      4      0
21   wyest         0      0     0      0       1       0      0      3      0
22   aaron35203432 0      0     0      1       0       0      0      4      0

A
1    hhanger       4      0 0 180(4) 203(1) 170(7) 60(1)   0      793
2    Fire          3      0 0 76(2)  0      235(7) 46(1)   0      497
3    watashi       3      0 0 156(3) 231(2) 0      67(3)   0      554
4    relive        2      1 0 44(1)  5      0      62(1)   0      106
5    hsys          2      0 0 174(3) 0      0      65(1)   0      279
6    moondy        2      0 0 0      0      0      66(2)   193(2) 299
7    aaahexing     2      0 0 0      189(3) 0      81(2)   0      330
8    Fanazhe       2      1 0 225(3) 0      0      81(1)   0      346
9    ll861112      2      0 0 176(7) 0      0      56(1)   5      352
10   xgy           1      0 0 5      0      0      23(1)   0      23
11   happylinyue   1      0 0 11     0      0      35(1)   0      35
12   ljzhao        1      0 0 5      0      0      45(2)   0      65
13   aaron35203432 1      0 0 0      0      0      53(2)   0      73
14   Ouyang_Jialin 1      1 0 3      0      0      73(2)   0      93
15   navj          1      1 0 21     0      0      107(1)  0      107
16   owen200402    1      0 0 2      0      0      89(5)   0      169
17   vivyli        1      0 0 9      0      0      113(4)  0      173
18   skatou        1      0 0 0      0      0      0       147(4) 207
19   winsty        1      0 0 4      0      0      116(6)  0      216
20   liu3063031168 1      1 0 0      0      0      125(7)  0      245
21   wyest         1      0 0 0      0      0      208(7)  0      328
22   classT        1      1 0 4      0      0      169(9)  0      329
23   yuzhirenzhe   1      1 0 0      0      0      235(25) 0      715

B
1    hhanger       6      40(1)  55(1)  239(4) 109(4) 0        21(2)   167(3) 0    811
2    Murphy        5      22(1)  81(1)  0      170(4) 0        69(2)   121(2) 0    563
3    watashi       5      66(1)  22(1)  0      223(4) 0        39(1)   171(4) 0    641
4    xgy           5      102(1) 120(4) 0      186(4) 0        59(3)   142(2) 0    789
5    T_T           4      65(1)  52(1)  0      6      0        29(2)   115(2) 0    301
6    happylinyue   4      109(1) 45(1)  0      1      0        30(1)   187(4) 0    431
7    moondy        4      97(1)  84(3)  0      31     0        39(1)   157(3) 0    457
8    Fanazhe       4      56(1)  127(1) 0      0      0        75(1)   198(2) 0    476
9    Ouyang_Jialin 4      50(1)  131(4) 0      8      0        28(2)   136(4) 0    485
10   dd_engi       4      62(1)  94(2)  0      0      0        56(2)   126(9) 9    538
11   rpggpr        4      100(1) 146(4) 0      0      0        63(3)   203(2) 0    632
12   asmn          3      0      108(3) 3      0      0        161(2)  55(1)  0    384
13   classT        3      182(1) 3      0      0      0        194(18) 160(2) 0    896
14   relive        2      94(3)  13     0      0      0        30(3)   0      0    204
15   owen200402    2      153(1) 0      0      0      0        86(3)   5      0    279
16   yuzhirenzhe   2      118(1) 0      0      6      0        191(5)  3      0    389
17   EZdestroyer   2      0      0      0      0      0        195(9)  158(6) 0    613
18   hsys          1      93(1)  1      0      0      0        2       0      0    93
19   wanwei        1      145(1) 0      0      0      0        0       2      0    145
20   aaron35203432 1      0      0      0      0      0        139(6)  0      0    239
21   vivyli        0      0      0      0      0      0        12      0      0    0

D
1    dd_engi       7      13(1)   235(4) 8(1)    175(3) 0      83(1)  113(1) 38(1)   765
2    Fire          7      7(1)    234(1) 21(2)   79(3)  0      181(3) 213(1) 126(5)  1041
3    Murphy        6      10(1)   0      26(1)   86(2)  0      174(3) 208(1) 110(1)  674
4    hhanger       5      5(1)    0      21(1)   167(3) 0      84(1)  5      109(2)  446
5    rpggpr        5      10(1)   0      59(5)   195(1) 0      1      165(4) 113(1)  682
6    asmn          4      15(1)   0      32(1)   186(3) 0      0      0      85(1)   358
7    Ouyang_Jialin 3      7(1)    0      29(1)   0      6      0      0      62(1)   98
8    Fanazhe       3      9(1)    0      23(1)   3      0      0      0      115(1)  147
9    wanwei        3      41(1)   0      24(1)   0      0      0      0      175(2)  260
10   EZdestroyer   3      31(4)   0      17(2)   5      0      0      0      139(5)  347
11   hsys          3      74(3)   0      55(1)   166(2) 0      0      0      2       355
12   aaahexing     3      42(1)   201(2) 133(5)  0      0      0      2      0       476
13   yuzhirenzhe   3      12(3)   1      26(3)   19     0      0      0      230(8)  488
14   T_T           3      80(5)   1      15(1)   0      0      0      0      181(8)  496
15   skatou        3      0       230(1) 0       0      0      0      184(1) 115(1)  529
16   ll861112      3      11(1)   0      57(4)   1      0      0      0      209(18) 677
17   navj          2      3(1)    0      44(1)   0      0      0      10     5       47
18   aaron35203432 2      9(1)    0      39(2)   0      0      0      0      1       68
19   winsty        2      5(1)    0      55(3)   0      0      0      0      10      100
20   relive        2      15(3)   0      48(1)   0      0      1      1      0       103
21   liu3063031168 2      12(2)   0      62(4)   0      0      0      0      3       154
22   ljzhao        2      58(1)   0      50(5)   0      0      0      21     0       188
23   wyest         2      145(2)  0      73(3)   2      0      0      0      0       278

A
1    hhanger       5      0       0      79(2)  31(1)  129(1) 0       92(1)   138(1)  489
2    watashi       5      0       0      196(2) 109(2) 153(3) 0       106(1)  209(1)  853
3    Fire          4      0       0      43(1)  117(1) 94(1)  3       63(1)   1       317
4    ll861112      4      0       0      208(2) 76(1)  174(1) 0       231(2)  2       729
5    Fanazhe       4      0       0      0      128(3) 226(1) 0       152(4)  239(1)  845
6    xgy           3      0       0      145(5) 63(2)  7      0       84(3)   0       432
7    Ouyang_Jialin 3      0       0      209(6) 112(4) 0      0       136(2)  2       637
8    yuzhirenzhe   3      0       1      0      82(3)  0      0       143(4)  200(10) 705
9    happylinyue   3      0       0      0      145(1) 0      0       105(12) 188(7)  778
10   relive        2      0       2      0      119(1) 0      0       89(2)   0       228
11   moondy        2      0       0      0      120(2) 4      0       147(1)  0       287
12   ljzhao        2      0       0      0      116(1) 2      0       136(3)  0       292
13   hsys          2      0       0      0      139(1) 0      0       5       225(4)  424
14   liu3063031168 2      0       0      0      187(4) 0      0       191(15) 4       718
15   winsty        1      0       0      0      70(1)  0      0       5       7       70
16   navj          1      0       0      6      6      0      0       43(5)   0       123
17   wyest         1      0       0      0      136(1) 0      0       0       3       136
18   owen200402    1      0       0      0      185(2) 0      0       3       3       205
19   vivyli        1      0       0      0      192(3) 0      0       0       0       232
20   classT        1      0       0      0      1      0      0       190(6)  0       290
21   skatou        0      0       0      6      0      1      1       0       2       0
22   aaahexing     0      0       0      0      4      0      0       0       0       0
23   aaron35203432 0      0       1      0      0      0      0       0       0       0

B              
1    hhanger       7      61(1)  39(1)   108(1) 0     202(1) 17(2)    169(1) 130(1) 746                     
2    watashi       6      58(2)  46(3)   101(2) 0     173(1) 56(1)    161(1) 0      675                     
3    Ouyang_Jialin 4      83(2)  63(2)   162(1) 0     0      29(2)    0      0      397                     
4    Fanazhe       4      90(4)  139(2)  214(1) 0     0      71(1)    0      0      594                     
5    asmn          3      30(1)  2       174(1) 0     0      99(2)    0      0      323                     
6    skatou        3      44(2)  0       100(1) 0     0      0        182(2) 0      366                     
7    xgy           3      70(1)  136(2)  192(1) 0     0      7        6      0      418                     
8    moondy        3      70(3)  203(4)  0      0     0      120(2)   0      0      513                     
9    rpggpr        3      0      235(10) 218(1) 0     0      48(2)    0      0      701                     
10   hsys          2      114(1) 5       0      0     0      73(2)    0      0      207                     
11   owen200402    2      62(5)  3       0      0     0      108(1)   0      0      250                     
12   T_T           2      87(6)  77(3)   1      0     0      0        0      0      304                     
13   relive        2      75(2)  0       1      0     0      176(4)   0      0      331                     
14   Murphy        2      0      86(9)   0      0     0      141(2)   0      0      407                     
15   yuzhirenzhe   2      118(8) 11      0      0     0      160(3)   0      0      458                     
16   dd_engi       2      71(11) 3       0      0     0      172(14)  0      0      703                     
17   EZdestroyer   1      46(3)  0       0      0     0      41       0      0      86                     
18   wanwei        1      106(3) 4       0      0     0      0        0      0      146                     
19   vivyli        1      105(4) 0       0      0     0      0        0      0      165                     
20   classT        1      123(6) 0       0      0     0      35       0      0      223                     
21   happylinyue   1      220(5) 14      0      0     0      18       0      0      300                     
22   aaron35203432 1      163(9) 0       0      0     0      0        0      0      323                     

C
1    Murphy        6      163(4)  50(3)    60(1)    142(9)  1     211(2) 26(2) 952
2    watashi       5      91(4)   59(1)    19(1)    133(1)  0     0      37(1) 399
3    xgy           5      0       37(1)    83(2)    151(1)  0     184(1) 19(1) 494
4    dd_engi       5      0       19(1)    71(2)    153(7)  0     104(1) 29(1) 516
5    rpggpr        4      151(4)  63(2)    86(1)    0       0     4      26(1) 406
6    ll861112      4      0       109(3)   85(2)    2       0     194(2) 37(2) 525
7    winsty        4      0       82(3)    123(3)   0       0     195(3) 40(2) 580
8    happylinyue   4      165(14) 62(5)    80(1)    7       0     0      5(1)  652
9    T_T           4      0       92(7)    2        200(2)  0     233(1) 22(2) 707
10   Fire          3      15      44(2)    0        119(1)  0     0      18(1) 201
11   EZdestroyer   3      0       77(3)    134(3)   10      0     0      44(1) 335
12   moondy        3      0       57(2)    191(5)   0       0     0      30(2) 398
13   navj          3      0       111(5)   173(2)   0       0     2      27(1) 411
14   asmn          3      0       81(3)    7        203(6)  0     0      2(1)  426
15   owen200402    2      0       145(2)   1        0       0     0      40(3) 245
16   wyest         2      0       136(5)   0        1       0     0      61(1) 277
17   classT        2      0       176(1)   7        0       0     0      64(5) 320
18   liu3063031168 1      0       1        6        0       0     0      62(2) 82
19   skatou        1      0       1        0        0       0     138(1) 0     138
20   aaahexing     0      0       0        1        0       0     0      5     0