A
1    dd_engi      3      2     56(2)   157(2) 0       84(1)  0  0     337
2    moondy       3      2     96(2)   213(2) 0       115(1) 0  0     464
3    asmn         3      0     82(1)   231(1) 0       96(4)  0  0     469
4    t__nt        3      1     108(2)  212(1) 0       155(4) 0  0     555
5    Ufotalent    2      0     143(3)  0      0       198(1) 0  0     381
6    czy          2      0     200(9)  0      0       176(1) 0  0     536
7    quark        1      0     235(7)  0      1       0      0  0     355
8    sxstar       1      0     0       0      0       236(7) 0  0     356
9    yaac         1      0     235(13) 0      0       0      0  0     475
10   huangqiao    1      0     224(34) 0      0       0      0  0     884
11   Hzxjmcx      0      0     0       0      0       11     0  0     0
12   Chnlich      0      0     0       1      0       6      0  0     0
13   delta_4d     0      3     0       0      0       0      0  0     0
14   icyrhyme     0      0     5       0      0       0      0  0     0
15   Clark        0      0     0       2      1       0      0  0     0
16   vout         0      0     1       0      0       13     0  0     0
17   liangjiaxing 0      0     3       0      0       0      0  0     0
18   EZdestroyer  0      0     1       0      0       0      0  0     0
19   xusc_2010    0      0     0       0      1       0      0  0     0
20   pxhdg        0      0     0       0      1       0      0  0     0
21   Fanazhe      0      7     1       0      0       0      0  0     0

C
1    anotherpeg   5      9(1)  228(9) 209(5) 0      43(2)  151(1) 900
2    navi         4      22(2) 35(2)  3      212(5) 13(1)  0      402
3    moondy       4      10(1) 99(3)  180(4) 0      34(2)  0      443
4    t__nt        4      52(2) 101(2) 180(5) 3      42(1)  0      495
5    oldjunyi     4      53(1) 142(4) 3      0      97(3)  211(1) 603
6    czy          3      12(1) 118(7) 0      0      28(2)  0      298
7    Fanazhe      3      12(1) 32(1)  0      10     174(6) 0      318
8    Ufotalent    3      12(1) 139(5) 4      0      83(4)  0      374
9    quark        3      8(1)  5      199(5) 0      73(3)  0      400
10   huangqiao    3      54(3) 16     132(7) 0      178(4) 0      584
11   Chnlich      2      14(3) 77(1)  0      6      0      0      131
12   liangjiaxing 2      10(1) 14     0      0      84(4)  0      154
13   delta_4d     2      14(1) 1      0      0      146(3) 0      200
14   vout         2      10(1) 14     0      0      88(7)  0      218
15   icyrhyme     2      32(1) 5      0      0      135(5) 0      247
16   zykpeter     2      45(5) 11     0      0      102(2) 0      247
17   ployee       2      50(1) 7      0      0      151(8) 0      341
18   Clark        2      67(8) 3      0      0      167(2) 0      394
19   xusc_2010    1      19(1) 2      0      0      0      0      19
20   forestkeeper 1      25(1) 1      0      0      9      0      25
21   dd_engi      1      0     0      59(1)  0      0      0      59
22   Hzxjmcx      1      35(3) 10     0      0      0      0      75
23   yuzhirenzhe  1      0     0      0      104(1) 0      0      104
24   yuxingdubai  0      5     0      0      0      7      0      0
25   owen200104   0      0     2      0      0      3      0      0

B
1    asmn         4      23(1)  0 106(1) 7      79(2)   190(3) 458
2    anotherpeg   4      28(1)  0 66(2)  189(2) 116(4)  2      499
3    moondy       3      78(1)  2 109(1) 0      126(4)  0      373
4    dd_engi      3      156(2) 0 73(1)  0      234(8)  0      623
5    oldjunyi     2      58(1)  0 87(3)  10     0       0      185
6    navi         2      154(1) 0 81(1)  2      0       0      235
7    icyrhyme     2      74(1)  0 221(2) 0      0       0      315
8    quark        2      145(1) 4 179(1) 0      0       0      324
9    Fanazhe      2      212(1) 0 123(1) 0      0       0      335
10   Chnlich      2      188(4) 0 89(2)  0      0       2      357
11   xusc_2010    1      0      0 75(2)  0      0       0      95
12   zykpeter     1      4      0 131(2) 0      0       0      151
13   yuxingdubai  1      0      0 137(2) 0      0       0      157
14   jessie       1      0      0 158(1) 1      0       0      158
15   sxstar       1      2      0 145(2) 0      0       0      165
16   pxhdg        1      169(1) 0 6      0      0       0      169
17   forestkeeper 1      0      0 142(3) 0      0       0      182
18   yaac         1      5      0 115(7) 0      0       0      235
19   ployee       1      1      0 215(3) 4      0       0      255
20   Ufotalent    1      224(3) 0 6      0      0       0      264
21   winsty       1      0      0 0      2      229(26) 0      729
22   delta_4d     0      3      0 0      0      0       0      0

D
1    anotherpeg   5       120(2) 85(1)  0    56(3)  178(1) 114(1)  0      613
2    navi         5       0      34(2)  0    54(2)  210(3) 82(2)   229(1) 709
3    asmn         5       191(4) 85(1)  0    34(1)  232(3) 139(6)  0      881
4    dd_engi      5       198(4) 132(2) 0    72(2)  238(5) 183(6)  0      1103
5    t__nt        4       175(2) 79(1)  0    29(3)  1      127(3)  0      510
6    oldjunyi     2       3      0      0    42(1)  0      187(1)  0      229
7    pxhdg        2       0      190(2) 0    56(3)  0      7       0      306
8    ployee       2       0      4      0    75(3)  0      163(3)  0      318
9    Chnlich      2       0      0      0    59(3)  162(5) 0       0      341
10   liangjiaxing 2       0      1      0    42(3)  0      187(5)  0      349
11   yuxingdubai  2       0      0      0    141(3) 0      211(1)  0      392
12   vout         2       0      0      1    46(4)  0      158(11) 0      464
13   sxstar       1       0      4      0    34(1)  0      14      0      34
14   yaac         1       0      0      0    97(1)  0      11      0      97
15   huangqiao    1       0      0      0    60(4)  0      18      0      120
16   jessie       1       0      0      0    117(3) 0      7       0      157
17   forestkeeper 1       0      0      0    89(10) 0      4       0      269
18   czy          1       0      1      0    11     0      227(4)  0      287
19   Clark        0       3      0      0    6      0      4       0      0
20   owen200104   0       2      0      0    0      0      0       0      0
21   zykpeter     0       0      2      0    7      0      0       0      0

B
1    anotherpeg   6      19(3)  238(14) 53(2)  25(3)   66(2) 102(1) 883
2    dd_engi      5      42(2)  0       64(2)  9(1)    99(1) 141(3) 435
3    asmn         5      69(1)  236(11) 38(1)  28(1)   0     115(1) 686
4    moondy       4      29(1)  0       96(1)  21(1)   2     126(1) 272
5    navi         4      35(1)  0       87(5)  19(2)   0     185(3) 466
6    Fanazhe      4      48(2)  0       144(3) 53(4)   2     186(1) 551
7    oldjunyi     3      182(3) 0       141(2) 21(1)   3     0      404
8    sxstar       3      220(1) 0       112(1) 52(3)   0     0      424
9    pxhdg        3      132(3) 0       195(2) 58(4)   0     0      505
10   quark        2      98(1)  0       5      25(2)   3     0      143
11   Ufotalent    2      119(1) 0       5      26(2)   0     0      165
12   jessie       2      10     0       183(1) 53(3)   0     0      276
13   icyrhyme     2      0      0       190(1) 77(2)   0     2      287
14   ployee       2      180(7) 0       0      96(6)   0     0      496
15   zykpeter     1      5      0       8      32(3)   0     0      72
16   Chnlich      1      7      0       0      62(2)   0     2      82
17   yaac         1      3      0       0      50(4)   0     0      110
18   Hzxjmcx      1      2      0       0      91(4)   0     0      151
19   delta_4d     1      0      0       4      196(6)  0     0      296
20   forestkeeper 1      0      0       0      103(13) 1     0      343
21   yuxingdubai  0      3      0       0      5       0     0      0
22   xusc_2010    0      2      0       0      3       0     0      0

C
1    anotherpeg   3      15(1)   0      184(4) 0 206(6) 0  565
2    quark        2      38(1)   103(1) 0      0 0      11 141
3    oldjunyi     2      17(2)   92(3)  7      0 3      0  169
4    Chnlich      2      21(1)   97(4)  0      0 0      0  178
5    vout         2      58(1)   156(1) 0      0 8      0  214
6    Hzxjmcx      2      26(1)   149(3) 0      0 0      0  215
7    ployee       2      35(2)   212(2) 0      0 14     0  287
8    icyrhyme     2      77(1)   0      184(3) 0 0      0  301
9    Fanazhe      2      39(1)   0      0      0 216(5) 0  335
10   forestkeeper 2      38(1)   223(6) 0      0 0      0  361
11   hhanger      2      235(2)  0      0      0 143(3) 0  438
12   huangqiao    2      229(17) 181(5) 0      0 0      0  810
13   moondy       1      20(1)   0      8      0 0      0  20
14   navi         1      19(2)   3      4      0 0      0  39
15   xusc_2010    1      42(1)   0      0      0 11     1  42
16   Ufotalent    1      24(2)   0      0      0 3      0  44
17   t__nt        1      26(2)   0      0      0 0      6  46
18   zykpeter     1      48(1)   0      0      0 5      0  48
19   Clark        1      30(2)   1      0      0 3      0  50
20   liangjiaxing 1      70(2)   2      0      0 0      0  90
21   delta_4d     1      77(2)   0      0      0 3      0  97
22   jessie       0      0       0      1      0 0      0  0
23   yuxingdubai  0      4       0      0      0 6      0  0

D
1    anotherpeg   5      0 132(4) 2 15(1)  168(4) 39(2)  82(2)  596
2    navi         4      0 59(1)  0 43(1)  123(2) 96(3)  0      381
3    oldjunyi     4      0 202(1) 0 52(1)  73(1)  108(2) 6      455
4    t__nt        4      0 89(1)  0 13(1)  136(4) 0      170(2) 488
5    asmn         4      0 109(1) 0 23(1)  143(9) 231(5) 5      746
6    dd_engi      3      0 145(1) 0 47(1)  226(6) 0      0      518
7    czy          3      0 129(5) 0 88(1)  183(4) 0      6      540
8    vout         3      0 237(3) 0 78(1)  167(5) 0      0      602
9    sxstar       2      0 168(2) 0 71(1)  6      0      0      259
10   zykpeter     2      0 0      0 72(3)  115(3) 0      6      267
11   forestkeeper 2      0 0      0 36(1)  114(7) 0      0      270
12   huangqiao    2      0 0      0 65(1)  87(7)  0      14     272
13   ployee       2      1 185(1) 0 73(3)  0      0      5      298
14   yaac         2      0 0      0 108(2) 213(3) 0      8      381
15   Clark        2      0 0      0 128(4) 207(3) 0      0      435
16   Chnlich      1      2 0      0 21(1)  10     0      0      21
17   Hzxjmcx      1      0 4      0 53(1)  1      0      0      53
18   pxhdg        1      0 0      0 61(1)  6      0      0      61
19   liangjiaxing 1      0 2      0 65(1)  5      0      0      65
20   jessie       1      0 0      0 116(2) 3      0      0      136
21   hsys         1      0 0      0 0      0      0      177(4) 237
22   yuxingdubai  0      0 0      0 11     0      0      0      0

A
1    dd_engi      5      77(2)  53(2)  0 16(1)  130(4) 205(3) 0 621
2    t__nt        4      67(1)  49(2)  0 7(1)   125(3) 0      0 308
3    asmn         4      119(2) 29(2)  0 37(1)  160(3) 9      2 425
4    moondy       4      149(3) 44(2)  0 11(1)  193(3) 2      0 497
5    czy          3      89(1)  67(1)  0 28(1)  0      0      0 184
6    xusc_2010    3      167(2) 73(1)  0 21(1)  2      0      0 281
7    Ufotalent    3      0      53(1)  0 20(1)  232(6) 0      0 405
8    Fanazhe      3      5      73(2)  0 16(1)  237(5) 0      0 426
9    liangjiaxing 3      0      102(5) 0 44(1)  229(2) 0      0 475
10   Hzxjmcx      2      2      41(1)  0 20(1)  0      0      0 61
11   sxstar       2      0      62(2)  0 18(1)  9      0      2 100
12   pxhdg        2      5      67(2)  0 24(1)  0      0      0 111
13   Chnlich      2      3      55(5)  0 10(1)  4      0      0 145
14   vout         2      11     71(2)  0 37(2)  0      0      0 148
15   huangqiao    2      9      96(4)  0 18(1)  0      0      0 174
16   quark        2      0      87(5)  2 16(1)  0      0      0 183
17   hhanger      2      1      109(1) 0 80(1)  0      0      0 189
18   yaac         2      0      132(3) 0 26(1)  0      0      0 198
19   icyrhyme     2      0      205(1) 0 24(2)  0      0      0 249
20   delta_4d     2      0      139(4) 0 99(4)  0      0      0 358
21   Clark        1      7      14     0 114(1) 2      0      0 114
22   aaahexing    1      191(1) 0      0 0      1      0      0 191
23   hsys         0      0      1      0 0      0      0      0 0

C
1    anotherpeg   3      0      0 0      12(1)  29(1)  110(1) 151
2    t__nt        3      0      0 217(6) 22(1)  16(1)  0      355
3    moondy       3      0      0 230(6) 22(1)  33(1)  0      385
4    oldjunyi     3      0      0 206(4) 37(1)  57(3)  0      400
5    Chnlich      3      210(2) 0 0      110(1) 100(2) 0      460
6    Fanazhe      2      0      0 0      23(1)  54(1)  2      77
7    navi         2      0      0 0      13(1)  56(2)  4      89
8    liangjiaxing 2      0      0 0      58(3)  88(1)  0      186
9    czy          2      0      0 0      39(1)  96(4)  3      195
10   zykpeter     2      0      0 0      28(1)  116(4) 0      204
11   icyrhyme     2      0      0 0      27(1)  151(3) 0      218
12   forestkeeper 2      0      0 0      51(1)  154(5) 0      285
13   delta_4d     2      0      0 0      61(2)  156(4) 0      297
14   vout         2      0      0 2      41(2)  186(5) 0      327
15   Hzxjmcx      1      0      0 0      19(1)  5      0      19
16   Ufotalent    1      0      0 0      28(1)  4      0      28
17   ployee       1      0      0 0      35(1)  8      0      35
18   huangqiao    1      0      0 0      37(1)  10     0      37
19   quark        1      0      0 0      52(1)  2      1      52
20   xusc_2010    1      0      0 0      61(1)  2      0      61
21   yuxingdubai  1      0      0 0      91(1)  3      0      91
22   hsys         1      0      0 0      102(2) 0      0      122
23   Clark        0      0      0 0      5      5      0      0

D
1    anotherpeg    3      0    236(8)  5      113(4) 42(1)  0    0      591
2    navi          2      0    5       150(6) 0      42(2)  0    0      312
3    dd_engi       2      0    0       0      0      52(2)  0    206(3) 318
4    t__nt         2      0    213(6)  1      0      21(1)  0    0      334
5    oldjunyi      2      0    8       0      157(6) 55(4)  0    0      372
6    czy           2      0    0       2      137(5) 136(2) 0    0      373
7    sxstar        2      0    213(1)  0      0      146(2) 0    0      379
8    zykpeter      2      0    135(4)  5      0      150(3) 0    0      385
9    yaac          1      0    87(3)   0      0      0      0    0      127
10   Clark         1      0    116(3)  0      0      0      0    0      156
11   vout          1      0    113(4)  0      12     0      0    0      173
12   forestkeeper  1      0    171(3)  0      0      18     0    0      211
13   ployee        1      0    0       0      14     195(4) 0    0      255
14   asmn          1      0    227(4)  1      0      0      4    0      287
15   pxhdg         1      0    210(10) 0      0      0      0    0      390
16   Hzxjmcx       0      1    0       0      0      0      0    0      0
17   hhanger       0      1    0       0      0      0      1    0      0
18   Chnlich       0      0    0       6      0      0      0    0      0
19   huangqiao     0      0    8       0      0      6      3    0      0
20   liangjiaxing  0      0    6       0      0      9      0    0      0
21   yuxingdubai   0      0    3       0      0      0      0    0      0

A
1    t__nt         4      168(4) 0  86(1)  215(1) 0 230(1) 759
2    dd_engi       3      81(3)  0  136(2) 0      0 236(2) 533
3    asmn          3      93(5)  0  173(4) 135(6) 0 3      641
4    moondy        2      122(2) 0  1      1      0 196(4) 398
5    czy           2      174(6) 0  0      0      0 202(2) 496
6    sxstar        1      0      0  5      1      0 224(1) 224
7    Fanazhe       1      187(4) 0  0      1      0 0      247
8    huangqiao     1      0      14 206(4) 0      0 3      266
9    Hzxjmcx       0      1      1  0      4      0 0      0
10   Chnlich       0      0      2  0      1      0 0      0
11   quark         0      0      0  15     3      0 0      0
12   icyrhyme      0      0      0  0      3      0 0      0
13   Clark         0      0      2  0      4      0 0      0
14   vout          0      0      0  0      4      0 0      0
15   liangjiaxing  0      0      0  0      3      0 0      0
16   yaac          0      5      0  0      0      0 0      0
17   pxhdg         0      0      0  2      1      0 0      0
18   xusc_2010     0      0      0  0      1      0 0      0
19   Ufotalent     0      3      0  0      4      0 0      0

B
1    anotherpeg   5      90(3)  208(1) 0      109(3) 159(2) 61(1)  727
2    moondy       4      2      0      161(1) 92(3)  115(1) 43(3)  491
3    asmn         3      11     0      0      48(1)  180(2) 74(1)  322
4    dd_engi      3      174(7) 0      0      14(1)  7      60(2)  388
5    navi         3      0      0      0      157(2) 230(1) 79(1)  486
6    oldjunyi     3      0      0      189(8) 237(7) 0      62(1)  748
7    zykpeter     2      4      0      0      42(1)  0      114(2) 176
8    sxstar       2      0      0      0      115(4) 2      46(2)  241
9    ployee       2      0      1      0      142(4) 0      130(1) 332
10   icyrhyme     1      0      0      0      4      0      39(1)  39
11   pxhdg        1      0      0      0      0      0      48(1)  48
12   Hzxjmcx      1      5      0      0      3      0      70(1)  70
13   quark        1      0      0      0      10     0      53(2)  73
14   xusc_2010    1      0      0      0      2      1      73(1)  73
15   Fanazhe      1      0      1      0      5      0      74(2)  94
16   yuxingdubai  1      0      0      0      3      0      104(1) 104
17   yaac         1      0      0      0      0      0      73(5)  153
18   forestkeeper 1      0      0      0      3      0      155(1) 155
19   Chnlich      1      9      0      0      2      0      169(1) 169
20   delta_4d     1      0      0      0      0      0      113(4) 173

D
1    anotherpeg   6      231(2) 38(1)   0 135(1) 189(1) 54(1)  78(1)  745
2    t__nt        6      88(1)  73(3)   0 204(2) 175(3) 17(1)  120(1) 777
3    dd_engi      5      153(5) 30(2)   0 234(2) 0      52(2)  187(1) 796
4    oldjunyi     4      72(2)  113(1)  0 5      0      29(4)  166(1) 460
5    navi         4      102(2) 85(1)   0 4      0      62(3)  142(2) 471
6    asmn         4      0      89(4)   0 235(7) 0      48(4)  120(1) 732
7    liangjiaxing 3      0      113(3)  0 0      0      87(3)  219(3) 539
8    czy          3      55(3)  150(13) 0 0      0      162(1) 1      647
9    huangqiao    3      217(11 112(5)  0 0      0      35(3)  0      684
10   forestkeeper 3      113(2) 232(12) 0 0      0      68(9)  0      813
11   Clark        2      0      182(1)  0 0      0      118(2) 1      320
12   ployee       2      0      9       0 0      0      80(2)  198(4) 358
13   Chnlich      2      2      0       0 183(5) 0      125(2) 8      408
14   sxstar       2      0      212(2)  0 0      0      96(6)  0      428
15   Hzxjmcx      2      182(8) 0       0 1      0      139(4) 0      521
16   pxhdg        1      0      5       0 0      0      51(2)  1      71
17   yuxingdubai  1      0      0       0 0      0      87(2)  0      107
18   vout         1      1      7       0 0      0      107(2) 0      127
19   zykpeter     1      115(4) 5       0 0      0      5      0      175
20   yuzhirenzhe  1      232(1) 0       0 0      0      0      0      232
21   yaac         0      0      0       0 0      0      4      0      0

A
1    t__nt        6      145(1) 239(3) 220(1) 120(2) 0      81(1)   0 0      65(1)  930
2    dd_engi      5      1      24(1)  219(2) 172(1) 0      88(3)   0 0      67(1)  630
3    quark        4      0      213(2) 138(1) 0      0      105(2)  0 0      63(2)  579
4    liangjiaxing 4      0      1      232(1) 0      0      99(2)   0 162(5) 65(1)  658
5    moondy       4      0      0      0      200(1) 229(6) 121(2)  0 0      92(1)  762
6    sxstar       3      0      183(2) 0      0      0      105(3)  0 0      55(1)  403
7    vout         3      0      213(1) 0      0      0      148(4)  0 0      94(2)  535
8    Clark        2      0      1      0      0      0      38(2)   0 0      123(1) 181
9    Chnlich      2      0      129(1) 0      3      0      0       0 0      73(1)  202
10   asmn         2      0      1      0      12     0      105(4)  0 0      60(1)  225
11   Ufotalent    2      0      0      0      0      0      43(2)   0 0      155(5) 298
12   icyrhyme     2      0      0      0      0      0      189(1)  0 0      136(1) 325
13   czy          2      0      3      0      0      0      0       0 225(3) 121(2) 406
14   Fanazhe      2      0      1      0      6      0      185(11) 0 0      62(1)  447
15   huangqiao    1      0      2      0      9      0      0       0 0      28(1)  28
16   Hzxjmcx      1      0      2      0      5      0      5       0 0      45(1)  45
17   yaac         1      0      0      3      0      0      13      0 0      78(1)  78
18   pxhdg        1      0      0      0      0      0      14      0 0      119(1) 119
19   delta_4d     1      0      5      0      0      0      0       0 209(3) 0      249
20   xusc_2010    1      0      1      0      0      0      4       0 0      209(8) 349

B
1    anotherpeg   6      236(6) 178(3) 117(1) 36(1)  51(1)   86(2)  864
2    moondy       5      181(1) 0      239(2) 56(1)  45(3)   126(1) 707
3    asmn         5      233(4) 0      194(1) 57(2)  46(3)   149(2) 819
4    oldjunyi     5      0      146(1) 234(1) 78(3)  111(3)  192(1) 841
5    navi         4      0      0      219(8) 107(1) 85(3)   54(3)  685
6    quark        3      0      5      0      117(3) 38(1)   73(1)  268
7    Fanazhe      3      0      3      0      160(2) 59(1)   103(1) 342
8    Ufotalent    3      0      0      0      80(1)  34(2)   201(3) 375
9    dd_engi      3      0      215(7) 0      144(1) 87(1)   0      566
10   Chnlich      2      0      0      0      117(1) 87(4)   0      264
11   Hzxjmcx      2      0      0      0      105(3) 79(4)   1      284
12   icyrhyme     2      0      0      0      190(1) 155(1)  0      345
13   pxhdg        2      0      0      0      166(1) 126(4)  1      352
14   yaac         1      0      0      0      3      104(2)  0      124
15   zykpeter     1      0      0      0      161(1) 5       1      161
16   sxstar       1      0      0      0      232(2) 7       0      252
17   delta_4d     1      0      0      0      195(4) 4       0      255
18   ployee       1      0      0      0      1      194(7)  1      314
19   forestkeeper 1      0      5      0      0      196(17) 0      516
20   yuxingdubai  0      0      0      0      0      7       5      0
21   xusc_2010    0      0      0      0      1      8       0      0

C
1    anotherpeg   6       18(1) 57(2)  0  215(5) 151(4)  113(5) 73(1)  867
2    navi         5       5(1)  179(5) 0  0      187(3)  127(3) 91(1)  749
3    moondy       5       13(2) 158(4) 0  0      192(2)  174(1) 147(1) 784
4    t__nt        4       9(1)  88(2)  0  1      7       72(1)  106(2) 315
5    czy          4       28(2) 0      0  0      196(12) 157(3) 110(2) 791
6    Fanazhe      3       14(1) 0      0  0      3       161(3) 64(1)  279
7    oldjunyi     3       14(1) 0      4  0      4       155(3) 117(2) 346
8    Ufotalent    3       11(2) 0      0  0      180(12) 3      133(1) 564
9    liangjiaxing 2       6(1)  7      0  0      0       0      81(1)  87
10   zykpeter     2       14(1) 0      0  0      0       9      113(1) 127
11   ployee       2       21(2) 0      0  0      5       0      105(1) 146
12   delta_4d     2       24(1) 0      0  0      4       0      126(1) 150
13   Clark        2       19(2) 0      0  0      5       3      135(1) 174
14   vout         2       8(1)  0      0  0      15      0      151(2) 179
15   huangqiao    2       8(2)  0      15 0      0       0      129(3) 197
16   forestkeeper 2       17(1) 13     0  0      0       0      163(2) 200
17   yuxingdubai  2       32(3) 0      0  0      0       4      122(2) 214
18   quark        2       17(2) 2      0  0      62      0      154(3) 231
19   xusc_2010    2       17(1) 0      0  0      5       1      148(5) 245
20   icyrhyme     1       4     0      0  0      0       0      147(1) 147
