A
1    oldjunyi       5      0 1  15(2)  208(5) 209(8) 133(2) 78(3)  943
2    ryz            3      0 0  80(2)  0      0      181(3) 107(1) 428
3    yuxingdubai    3      0 0  78(6)  220(9) 0      0      99(1)  657
4    huangqiao      3      0 0  206(8) 0      0      91(3)  112(6) 689
5    Ufotalent      2      0 0  67(5)  0      0      0      97(4)  304
6    sxstar         2      0 0  0      0      0      123(1) 211(1) 334
7    liangjiaxing   2      0 0  112(3) 0      0      2      155(3) 347
8    Fanazhe        2      0 0  161(2) 0      0      5      188(4) 429
9    EZ_dla         2      0 0  0      0      0      203(2) 115(8) 478
10   ZhouYuChen     2      0 0  5      0      0      239(9) 111(1) 510
11   chnluyi        1      0 0  44(1)  2      1      4      0      44
12   hzwlzrj        1      0 0  10     0      0      0      67(1)  67
13   minusUfotalent 1      0 0  2      4      0      0      154(1) 154
14   delta_4d       1      0 0  5      0      0      1      156(2) 176
15   zwt395081716   1      0 0  4      0      0      0      130(5) 210
16   guinao         1      0 0  0      9      0      0      200(4) 260
17   scorpiodreamer 1      0 0  6      0      0      0      171(7) 291
18   zxfx100        1      0 0  0      0      0      0      225(9) 385
19   zhangwengame   1      0 0  0      2      0      0      227(9) 387
20   riversouther   0      0 10 0      0      0      0      0      0
21   wumuxie        0      0 1  2      0      0      0      3      0
22   wizard1990     0      0 0  0      1      0      0      0      0
23   ployee         0      0 10 0      0      0      0      2      0
24   Stephen        0      0 0  4      0      0      0      0      0
25   DeAdCaT___     0      0 0  5      0      0      1      0      0

B
1    navi           5      26(1)   226(3) 161(2) 39(1)  0   100(5) 692
2    liangjiaxing   3      36(1)   0      133(1) 84(5)  0   6      333
3    Fanazhe        3      19(1)   0      207(2) 120(3) 0   8      406
4    mj             3      26(2)   108(5) 184(4) 0      0   0      478
5    vout           3      23(2)   0      217(1) 163(6) 0   0      523
6    zwt395081716   3      103(1)  0      234(4) 156(2) 0   0      573
7    edward         3      206(5)  219(5) 0      122(7) 0   0      827
8    scorpiodreamer 2      40(3)   0      90(1)  4      1   0      170
9    ployee         2      32(2)   0      155(1) 1      0   6      207
10   wumuxie        2      17(1)   0      164(4) 0      0   0      241
11   riversouther   2      3(1)    0      7      127(7) 0   0      250
12   Ufotalent      2      37(5)   0      135(2) 0      0   2      272
13   huangqiao      2      32(4)   1      97(7)  19     0   0      309
14   Pi             2      144(5)  0      0      162(6) 0   1      486
15   ltr199010      2      170(9)  0      238(4) 1      0   0      628
16   chnluyi        1      9(1)    5      0      0      0   4      9
17   delta_4d       1      10(1)   0      0      0      0   3      10
18   Zoro11010      1      33(2)   0      1      0      0   0      53
19   Clark          1      45(3)   0      8      6      0   0      85
20   minusUfotalent 1      41(4)   0      1      0      0   5      101
21   DeAdCaT___     1      107(4)  0      0      0      0   0      167
22   hzwlzrj        1      185(10) 0      5      0      0   0      365
23   Stephen        0      8       0      0      0      0   0      0

C
1    oldjunyi       5      136(4) 0    24(3)   85(1)  63(1)   0    48(3)  496
2    navi           4      6      0    9(1)    118(2) 90(1)   0    122(3) 399
3    edward         4      0      0    26(1)   193(1) 61(2)   0    148(5) 528
4    ployee         4      0      0    19(1)   203(5) 74(2)   0    146(2) 562
5    Ufotalent      4      0      0    28(1)   197(7) 123(5)  0    56(1)  604
6    liangjiaxing   4      1      1    16(1)   170(2) 80(7)   0    193(8) 739
7    ZhouYuChen     4      0      0    38(2)   221(3) 101(4)  1    149(9) 789
8    vout           3      0      0    36(1)   146(6) 67(4)   0    4      409
9    quietsmile     3      0      0    22(1)   213(5) 151(7)  0    0      586
10   hzwlzrj        3      0      0    77(4)   0      190(10) 0    209(1) 716
11   ltr199010      2      0      0    41(1)   0      82(1)   0    1      123
12   sxstar         2      0      0    33(1)   0      72(2)   0    9      125
13   Clark          2      0      0    21(3)   0      51(2)   0    6      132
14   ryz            2      0      0    27(4)   6      55(2)   0    8      162
15   zhangwengame   2      0      0    39(1)   0      118(2)  0    0      177
16   EZ_dla         2      0      0    36(1)   0      138(3)  0    15     214
17   zwt395081716   2      1      4    30(1)   0      99(7)   0    0      249
18   minusUfotalent 2      0      0    47(1)   0      143(5)  0    4      270
19   yuxingdubai    2      0      0    65(4)   0      110(4)  0    0      295
20   wizard1990     2      0      0    52(8)   0      100(2)  0    2      312
21   zxfx100        2      0      0    84(5)   0      134(3)  0    9      338
22   Pi             2      0      0    209(3)  0      229(3)  0    0      518
23   scorpiodreamer 2      0      0    190(5)  0      154(7)  0    1      544
24   Stephen        1      0      0    33(1)   0      4       0    1      33
25   Zoro11010      1      0      0    195(5)  0      8       0    0      275
26   guinao         1      0      0    197(15) 0      4       0    0      477

D
1    navi         5      97(3)  152(1) 0      0      15(1)   204(2) 69(3)  637
2    oldjunyi     5      83(1)  0      223(8) 146(2) 24(3)   0      64(3)  780
3    chnluyi      3      6      0      0      230(1) 99(1)   0      111(2) 460
4    edward       3      232(8) 0      0      0      48(2)   0      127(2) 587
5    Clark        2      72(4)  0      0      0      160(3)  0      2      332
6    Pi           2      185(4) 0      0      0      50(3)   0      5      335
7    vout         2      190(5) 0      1      0      37(3)   0      1      347
8    sxstar       2      0      0      0      0      199(7)  0      35(2)  374
9    ltr199010    2      220(3) 0      0      0      64(4)   0      3      384
10   zwt395081716 2      0      0      0      0      88(4)   0      211(3) 399
11   zhangwengame 2      0      0      0      0      123(5)  0      220(2) 443
12   delta_4d     2      0      0      0      0      115(14) 0      238(5) 693
13   ZhouYuChen   1      0      0      0      3      27(2)   0      5      47
14   Fanazhe      1      12     0      0      0      42(4)   0      4      102
15   ryz          1      0      0      0      0      82(3)   0      0      122
16   guinao       1      0      0      0      0      206(4)  0      3      266
17   wizard1990   1      190(6) 0      0      0      0       0      0      290
18   riversouther 1      0      0      0      0      121(10) 0      7      301
19   wumuxie      1      0      0      0      0      132(13) 0      2      372
20   EZ_dla       0      3      0      0      0      8       0      0      0
21   huangqiao    0      5      0      0      0      5       0      11     0
22   yuxingdubai  0      5      0      0      0      15      0      0      0
23   Zoro11010    0      0      0      0      0      5       0      7      0
24   zxfx100      0      0      0      0      0      5       0      7      0
25   DeAdCaT___   0      0      0      0      0      1       0      0      0

B
1    huangqiao      4      88(5)  24(1)  0  168(1) 0  0  0  200(1) 560
2    navi           3      8(1)   42(1)  0  3      0  0  0  159(1) 209
3    edward         3      88(3)  43(1)  0  150(1) 0  0  0  0      321
4    Ufotalent      3      73(5)  14(2)  0  0      0  0  0  234(5) 501
5    liangjiaxing   2      49(1)  34(1)  3  0      0  0  0  0      83
6    wumuxie        2      29(1)  67(1)  0  0      0  0  0  0      96
7    delta_4d       2      89(2)  41(1)  3  0      0  0  0  0      150
8    riversouther   2      51(1)  76(3)  0  0      0  0  0  0      167
9    ployee         2      50(1)  97(5)  0  0      0  0  0  0      227
10   Stephen        2      141(2) 68(3)  0  0      0  0  0  0      269
11   minusUfotalent 2      70(2)  165(2) 0  0      0  0  0  0      275
12   Fanazhe        2      93(5)  65(3)  0  0      0  4  0  0      278
13   chnluyi        1      6      13(1)  0  0      0  0  0  3      13
14   quietsmile     1      5      49(2)  0  0      0  0  0  0      69
15   zhangwengame   1      115(1) 0      0  0      0  0  0  0      115
16   scorpiodreamer 1      2      131(1) 0  0      0  0  0  5      131
17   ryz            1      93(3)  0      0  0      0  0  0  6      133
18   hzwlzrj        1      109(3) 5      0  0      3  0  0  0      149
19   Pi             1      2      205(2) 0  0      0  0  0  0      225
20   ltr199010      1      172(4) 1      0  0      0  0  0  1      232
21   Zoro11010      0      3      1      0  0      0  0  0  0      0
22   Clark          0      4      0      0  0      0  0  0  0      0
23   DeAdCaT___     0      0      0      0  0      0  0  0  6      0

C
1    vout           5      0    88(4)   206(3) 31(1)   64(1)  0    163(3) 692
2    oldjunyi       4      5    27(3)   0      35(2)   98(1)  0    151(2) 391
3    navi           4      5    36(2)   0      4(2)    58(2)  1    203(4) 421
4    liangjiaxing   4      0    78(2)   0      229(5)  146(5) 0    211(2) 864
5    ryz            3      0    35(1)   1      17(1)   88(3)  0    0      180
6    edward         3      0    46(1)   0      103(2)  34(1)  3    0      203
7    zwt395081716   3      0    79(4)   2      32(1)   151(1) 1    0      322
8    zhangwengame   3      0    91(2)   0      36(1)   185(2) 0    0      352
9    ZhouYuChen     3      0    58(2)   139(7) 31(2)   2      0    0      388
10   Stephen        3      0    62(3)   189(4) 109(1)  0      0    0      460
11   hzwlzrj        3      0    91(1)   0      214(12) 133(2) 0    0      678
12   sxstar         3      0    186(7)  0      234(3)  167(3) 0    0      787
13   quietsmile     2      0    19      146(4) 46(1)   0      0    0      252
14   Ufotalent      2      0    123(7)  0      33(1)   9      0    0      276
15   Pi             2      0    146(9)  12     81(3)   0      0    0      427
16   ployee         1      0    22      0      56(1)   15     0    0      56
17   yuxingdubai    1      0    40(2)   0      3       1      0    0      60
18   ltr199010      1      0    72(3)   0      8       0      0    0      112
19   Clark          1      0    107(2)  0      3       1      0    0      127
20   EZ_dla         1      0    92(9)   0      0       4      0    0      252
21   zxfx100        1      0    145(7)  0      15      0      0    0      265
22   guinao         1      0    214(19) 0      0       0      0    0      574
23   scorpiodreamer 0      0    10      0      0       0      1    0      0
24   admin          0      0    0       0      0       0      2    0      0
25   minusUfotalent 0      0    16      0      0       0      0    0      0
26   wizard1990     0      0    15      0      0       0      0    0      0

D
1    edward       4      19(1)  0 69(1)  89(1)  0 175(1) 0 352
2    oldjunyi     4      45(3)  0 95(1)  67(1)  3 128(5) 5 455
3    Fanazhe      4      80(4)  0 111(1) 134(1) 0 183(1) 8 568
4    delta_4d     3      45(1)  0 101(2) 238(1) 0 0      0 404
5    EZ_dla       3      78(1)  0 223(8) 211(1) 0 0      0 652
6    vout         2      51(1)  0 7      114(2) 0 0      0 185
7    navi         2      35(1)  0 11     174(2) 0 0      0 229
8    chnluyi      2      1      0 167(1) 120(2) 0 5      0 307
9    riversouther 2      60(2)  0 0      186(4) 0 0      0 326
10   yuxingdubai  2      185(2) 0 0      124(1) 0 0      0 329
11   sxstar       2      98(1)  0 10     220(2) 0 0      0 338
12   huangqiao    1      52(4)  0 2      20     0 0      4 112
13   zwt395081716 1      0      0 4      108(4) 0 1      0 168
14   zhangwengame 1      0      0 2      110(4) 0 0      0 170
15   ryz          1      0      0 0      120(4) 0 10     0 180
16   ZhouYuChen   1      5      0 4      188(1) 0 0      0 188
17   wumuxie      1      0      0 0      168(5) 0 0      0 248
18   ltr199010    1      0      0 0      162(6) 0 0      0 262
19   Clark        0      0      0 1      6      0 0      0 0
20   wizard1990   0      0      0 0      8      0 0      0 0
21   watashi      0      0      0 0      0      1 0      2 0
22   Pi           0      0      0 0      3      0 0      0 0
23   guinao       0      0      0 0      1      0 0      1 0
24   Zoro11010    0      0      0 0      3      0 0      0 0
25   zxfx100      0      0      0 0      8      0 0      2 0
26   DeAdCaT___   0      0      0 0      3      0 0      0 0

A
1    oldjunyi       4      0 53(1)  11(2)  142(3) 36(1)  12 302
2    ZhouYuChen     3      1 98(1)  30(1)  0      161(3) 0  329
3    hzwlzrj        3      0 118(2) 24(1)  0      83(6)  11 345
4    Fanazhe        3      0 196(3) 59(2)  4      100(1) 0  415
5    Ufotalent      3      0 178(1) 84(2)  0      119(2) 0  421
6    sxstar         3      0 195(1) 108(3) 0      153(2) 0  516
7    wumuxie        2      0 123(2) 68(1)  0      2      0  211
8    zhangwengame   2      0 0      52(1)  0      180(2) 0  252
9    chnluyi        2      0 1      25(1)  0      201(3) 3  266
10   liangjiaxing   2      0 146(1) 5      0      118(4) 0  324
11   ployee         2      0 0      126(2) 0      190(1) 0  336
12   ryz            2      0 218(2) 71(3)  0      0      0  349
13   riversouther   2      0 0      216(3) 0      175(3) 0  471
14   quietsmile     1      0 27(1)  0      0      0      0  27
15   Stephen        1      0 0      102(4) 0      4      0  162
16   zwt395081716   1      0 0      0      0      179(3) 0  219
17   EZ_dla         1      0 0      2      0      215(5) 0  295
18   scorpiodreamer 0      0 0      2      0      0      0  0
19   delta_4d       0      0 0      2      0      10     0  0
20   huangqiao      0      0 0      2      0      0      17 0
21   yuxingdubai    0      0 0      1      0      0      0  0
22   minusUfotalent 0      0 0      4      0      0      0  0
23   wizard1990     0      0 0      10     0      0      0  0
24   guinao         0      0 0      4      0      0      0  0
25   DeAdCaT___     0      0 0      3      0      0      0  0
26   zxfx100        0      0 8      2      0      0      0  0

C
1    oldjunyi       6      30(2)  148(1) 0      215(8) 203(10) 159(2) 64(2)  1199
2    edward         5      47(1)  105(1) 0      0      234(5)  118(2) 65(1)  669
3    navi           5      68(3)  108(2) 0      0      218(7)  79(1)  32(2)  705
4    sxstar         4      127(3) 200(1) 0      0      0       143(1) 82(2)  612
5    ZhouYuChen     4      103(2) 176(6) 0      58(6)  2       192(1) 0      749
6    ryz            3      72(3)  187(1) 0      2      0       153(1) 5      452
7    hzwlzrj        3      52(4)  124(3) 1      9      0       223(1) 0      499
8    vout           2      73(2)  0      0      0      0       4      87(2)  200
9    liangjiaxing   2      0      4      0      2      0       138(1) 93(2)  251
10   accelerator    2      0      136(2) 0      87(4)  11      0      0      303
11   Clark          2      0      0      0      1      0       217(1) 124(2) 361
12   yuxingdubai    1      3      2      0      0      0       0      50(1)  50
13   ployee         1      11     0      0      0      0       59(1)  1      59
14   Stephen        1      4      0      0      59(3)  0       2      0      99
15   EZ_dla         1      84(2)  8      0      0      0       1      3      104
16   quietsmile     1      0      0      135(1) 0      0       0      2      135
17   ltr199010      1      164(5) 2      0      0      0       0      0      244
18   watashi        1      0      0      0      0      229(2)  0      0      249
19   zxfx100        1      9      2      0      0      0       193(4) 0      253
20   Pi             1      0      0      0      226(4) 0       0      4      286
21   scorpiodreamer 0      0      8      0      0      0       0      0      0
22   minusUfotalent 0      5      0      0      0      0       0      2      0
23   wizard1990     0      1      0      0      0      0       0      4      0
24   guinao         0      3      0      0      4      0       0      0      0
25   Zoro11010      0      0      0      0      2      0       0      1      0
26   Ufotalent      0      3      0      0      1      0       2      0      0

D
1    oldjunyi     3      0  45(2)  0  93(4)   31(3)  15 0      289
2    navi         3      4  92(4)  0  130(1)  33(1)  3  0      315
3    chnluyi      3      6  66(3)  0  195(1)  33(2)  0  0      354
4    edward       3      2  37(2)  0  158(2)  101(3) 0  0      376
5    Fanazhe      3      0  108(1) 0  187(1)  78(2)  0  0      393
6    sxstar       3      0  105(1) 0  1       84(3)  0  166(1) 395
7    vout         3      0  133(1) 0  189(12) 150(1) 0  4      692
8    ltr199010    2      0  73(3)  0  5       158(3) 0  0      311
9    yuxingdubai  2      0  0      0  174(4)  89(1)  0  0      323
10   ZhouYuChen   2      21 91(7)  0  1       148(1) 0  0      359
11   riversouther 2      0  5      0  167(2)  106(7) 0  0      413
12   ryz          2      1  0      0  211(2)  147(4) 0  0      438
13   huangqiao    2      0  57(9)  11 206(4)  0      0  0      483
14   zxfx100      1      0  0      0  146(1)  3      0  0      146
15   accelerator  1      1  0      0  162(1)  0      0  0      162
16   Pi           1      0  123(3) 0  0       0      0  0      163
17   wumuxie      1      1  154(3) 0  0       0      0  0      194
18   Clark        1      1  152(4) 0  0       0      0  0      212
19   delta_4d     1      7  0      0  0       205(2) 0  0      225
20   guinao       0      0  0      0  0       1      0  0      0
21   Zoro11010    0      0  0      0  0       3      0  0      0
22   DeAdCaT___   0      0  0      0  0       2      0  0      0

A
1    Fanazhe        4      0      83(1)  11(1)  49(1) 147(1) 0  290
2    accelerator    3      0      177(2) 36(2)  0     94(1)  0  347
3    chnluyi        3      0      178(4) 58(2)  1     121(3) 0  477
4    huangqiao      2      0      0      20(2)  0     77(1)  8  117
5    hzwlzrj        2      0      0      33(1)  0     86(1)  12 119
6    liangjiaxing   2      0      1      12(1)  0     106(2) 0  138
7    Ufotalent      2      0      6      44(2)  0     84(1)  0  148
8    EZ_dla         2      0      0      25(1)  0     111(2) 0  156
9    ryz            2      0      5      46(2)  0     108(2) 0  194
10   quietsmile     2      0      0      115(1) 0     187(1) 0  302
11   oldjunyi       2      12     4      121(6) 0     91(8)  0  452
12   delta_4d       1      0      0      29(2)  0     1      0  49
13   ployee         1      0      0      47(2)  0     7      0  67
14   scorpiodreamer 1      0      5      54(2)  0     1      0  74
15   wizard1990     1      0      0      75(2)  0     0      0  95
16   riversouther   1      0      0      92(3)  0     4      0  132
17   ZhouYuChen     1      0      0      8      0     172(1) 0  172
18   sxstar         1      0      0      138(4) 0     2      0  198
19   guinao         1      0      0      179(3) 2     0      0  219
20   watashi        1      212(2) 0      0      0     0      0  232
21   yuxingdubai    0      0      0      7      0     5      0  0
22   minusUfotalent 0      0      0      1      0     0      0  0
23   wumuxie        0      0      0      5      0     0      0  0
24   Stephen        0      0      0      2      0     4      0  0
25   zxfx100        0      0      0      4      0     1      0  0
26   DeAdCaT___     0      0      0      4      0     0      0  0

B
1    Fanazhe        4      76(1)  0    225(4) 0    22(1)   149(2) 0      552
2    Ufotalent      3      128(2) 0    0      0    34(2)   0      184(1) 386
3    liangjiaxing   3      74(2)  0    0      0    34(1)   1      239(3) 407
4    navi           3      0      0    0      0    54(4)   165(4) 199(5) 618
5    vout           2      47(1)  0    0      1    37(2)   0      7      104
6    wumuxie        2      46(2)  1    0      0    61(1)   0      0      127
7    Pi             2      55(2)  3    0      0    66(1)   0      0      141
8    delta_4d       2      30(3)  0    0      2    69(3)   0      0      179
9    quietsmile     2      107(5) 0    0      0    47(2)   2      0      254
10   riversouther   2      159(1) 1    0      0    69(4)   0      0      288
11   ployee         1      1      0    0      1    22(1)   0      0      22
12   chnluyi        1      1      0    0      1    41(1)   0      9      41
13   hzwlzrj        1      0      6    0      0    42(1)   0      2      42
14   minusUfotalent 1      6      0    0      0    39(2)   0      0      59
15   Zoro11010      1      0      0    0      0    72(1)   0      0      72
16   Clark          1      0      0    0      0    55(2)   0      0      75
17   edward         1      4      0    0      0    31(4)   0      4      91
18   Stephen        1      0      0    0      0    65(3)   0      0      105
19   ryz            1      0      7    0      0    111(3)  0      0      151
20   scorpiodreamer 1      0      0    0      0    107(4)  0      5      167
21   watashi        1      0      0    0      0    0       0      191(1) 191
22   huangqiao      1      0      0    0      0    135(5)  0      4      215
23   DeAdCaT___     1      0      0    0      0    152(13) 0      0      392
24   ltr199010      0      2      0    0      0    4       0      0      0

D
1    sxstar       5      0      20(1) 94(1)  212(1) 59(1)  0      0     174(2) 579
2    Fanazhe      5      121(2) 25(1) 58(2)  0      169(2) 0      0     207(2) 660
3    oldjunyi     5      177(3) 72(3) 224(5) 0      102(3) 0      0     218(1) 993
4    edward       4      44(1)  1     62(1)  0      90(1)  200(5) 0     0      476
5    navi         3      9      0     22(3)  0      64(2)  144(3) 0     0      330
6    ZhouYuChen   3      0      57(1) 239(9) 0      218(5) 0      0     0      754
7    ryz          2      0      52(1) 119(2) 0      4      0      0     0      191
8    huangqiao    2      0      1     195(3) 0      0      64(1)  0     1      299
9    riversouther 2      4      47(3) 159(5) 0      0      0      0     0      326
10   delta_4d     2      0      79(3) 0      0      189(3) 0      0     0      348
11   Pi           2      0      63(1) 0      0      221(6) 0      0     4      384
12   vout         2      169(6) 0     3      0      159(1) 0      0     0      428
13   chnluyi      1      0      0     4      0      146(3) 0      0     0      186
14   EZ_dla       1      0      2     143(6) 0      0      0      0     0      243
15   wumuxie      1      0      2     2      0      0      0      0     226(3) 266
16   yuxingdubai  1      0      0     0      0      229(3) 0      0     0      269
17   guinao       0      0      4     0      0      0      0      0     1      0
18   Zoro11010    0      0      3     0      0      0      0      0     0      0
19   ltr199010    0      6      4     0      0      0      0      0     0      0
20   wizard1990   0      0      3     2      0      0      0      0     0      0
21   zxfx100      0      5      0     0      0      0      0      0     0      0

A
1    watashi        5      0     96(3)  221(5) 179(3) 109(2)   122(1)  2      0      907
2    oldjunyi       5      0     96(4)  169(8) 0      155(9)   46(5)   0      231(3) 1177
3    sxstar         4      0     0      0      206(1) 14(1)    44(1)   144(1) 0      408
4    Fanazhe        3      0     130(2) 0      0      11(2)    86(4)   0      0      327
5    liangjiaxing   3      0     168(2) 0      0      39(1)    82(2)   0      0      329
6    hzwlzrj        3      0     2      0      144(4) 86(8)    27(1)   0      0      457
7    ZhouYuChen     3      0     77(2)  0      0      194(6)   145(6)  31     0      636
8    huangqiao      2      0     0      0      0      7        15(1)   0      128(1) 143
9    Ufotalent      2      0     0      0      0      73(2)    61(1)   2      0      154
10   ryz            2      0     0      0      0      163(3)   71(3)   1      0      314
11   chnluyi        1      0     0      0      1      2        54(2)   0      0      74
12   scorpiodreamer 1      0     0      0      0      0        84(1)   0      0      84
13   EZ_dla         1      0     0      0      0      11       50(3)   0      0      90
14   ployee         1      0     2      0      0      4        80(3)   6      0      120
15   minusUfotalent 1      0     0      0      0      10       161(3)  0      0      201
16   quietsmile     1      0     1      0      0      145(4)   0       0      0      205
17   yuxingdubai    1      0     1      0      0      206(2)   7       0      0      226
18   hhanger        0      0     1      0      0      0        0       0      0      0
19   delta_4d       0      0     0      0      0      5        0       0      0      0
20   riversouther   0      0     7      0      0      0        0       0      0      0
21   wumuxie        0      0     0      0      0      3        1       0      0      0
22   wizard1990     0      0     0      0      0      9        2       0      0      0
23   guinao         0      0     1      0      0      0        5       0      0      0
24   Stephen        0      0     0      0      0      7        2       0      0      0
25   zxfx100        0      0     0      0      1      0        9       0      0      0
26   DeAdCaT___     0      0     0      0      0      0        8       0      0      0

B
1    Fanazhe        4      93(2)  226(1) 133(1) 0     0     71(1) 0     543
2    quietsmile     3      26(1)  0      116(1) 13    0     83(1) 0     225
3    Pi             2      44(1)  0      102(2) 0     0     0     0     166
4    navi           2      77(2)  0      56(3)  0     0     9     0     193
5    chnluyi        2      125(3) 0      33(1)  13    0     0     0     198
6    delta_4d       2      57(3)  0      105(1) 0     0     6     0     202
7    huangqiao      2      102(3) 0      52(2)  22    0     0     0     214
8    hzwlzrj        2      45(1)  0      101(5) 3     0     11    0     226
9    edward         2      39(1)  0      92(6)  0     1     0     0     231
10   ryz            2      133(3) 0      72(1)  0     0     0     0     245
11   Ufotalent      2      59(1)  0      128(4) 0     0     18    0     247
12   vout           2      17(2)  0      138(5) 9     0     0     0     255
13   wumuxie        2      136(1) 0      103(3) 0     0     13    0     279
14   ployee         2      42(1)  0      170(5) 0     0     10    0     292
15   liangjiaxing   2      106(5) 0      137(2) 0     0     0     0     343
16   ltr199010      1      4      0      63(1)  0     0     2     0     63
17   scorpiodreamer 1      90(2)  0      5      0     0     0     0     110
18   riversouther   1      143(1) 0      12     0     0     0     0     143
19   Clark          0      0      0      0      3     0     6     0     0
20   DeAdCaT___     0      1      0      0      0     0     0     0     0

C
1    vout           3      0    98(1)   2      60(1)  5    0    122(1) 280
2    oldjunyi       3      4    86(1)   191(1) 42(1)  1    0    0      319
3    liangjiaxing   3      0    177(3)  1      39(1)  0    0    97(1)  353
4    Pi             3      0    104(6)  0      57(1)  0    0    216(3) 517
5    zxfx100        3      0    180(1)  0      122(6) 0    0    216(1) 618
6    ryz            3      0    185(8)  0      100(2) 0    0    227(1) 672
7    navi           2      6    62(2)   0      28(2)  0    0    0      130
8    ZhouYuChen     2      0    19      0      64(1)  0    0    97(4)  221
9    ployee         2      0    18      0      57(1)  0    0    179(3) 276
10   edward         2      0    115(4)  0      76(4)  2    0    0      311
11   Clark          2      0    161(1)  0      100(4) 0    0    3      321
12   quietsmile     2      0    5       0      48(6)  0    0    183(3) 371
13   yuxingdubai    2      0    0       0      88(6)  2    0    152(3) 380
14   hzwlzrj        2      7    213(7)  0      81(1)  0    0    0      414
15   Ufotalent      1      0    5       0      36(1)  0    0    2      36
16   EZ_dla         1      9    0       0      40(2)  0    0    0      60
17   wizard1990     1      0    6       0      88(1)  0    0    1      88
18   ltr199010      1      0    0       0      96(1)  0    0    0      96
19   scorpiodreamer 1      0    0       0      95(2)  0    0    0      115
20   Zoro11010      1      0    0       0      162(3) 0    0    0      202
21   accelerator    1      0    143(7)  0      0      0    0    0      263
22   guinao         0      0    0       0      5      0    0    0      0
